63.000000 
124.000000 
254.000000 
398.000000 
398.000000 
461.000000 
541.000000 
541.000000 
603.000000 
666.000000 
666.000000 
729.000000 
792.000000 
870.000000 
870.000000 
933.000000 
1072.000000 
1072.000000 
1150.000000 
1230.000000 
1230.000000 
1384.000000 
1462.000000 
1462.000000 
1527.000000 
1527.000000 
1668.000000 
1668.000000 
1744.000000 
1744.000000 
1820.000000 
1820.000000 
1820.000000 
1896.000000 
1896.000000 
1896.000000 
2046.000000 
2123.000000 
2187.000000 
2394.000000 
2394.000000 
2536.000000 
2608.000000 
2608.000000 
2765.000000 
2899.000000 
3023.000000 
3172.000000 
3314.000000 
3378.000000 
3458.000000 
3587.000000 
3789.000000 
4060.000000 
4120.000000 
4120.000000 
4200.000000 
4322.000000 
4478.000000 
4554.000000 
4614.000000 
4674.000000 
4674.000000 
4810.000000 
4964.000000 
4964.000000 
5028.000000 
5106.000000 
5185.000000 
5263.000000 
5341.000000 
5341.000000 
5419.000000 
5479.000000 
5616.000000 
5692.000000 
5833.000000 
6129.000000 
6270.000000 
6346.000000 
6545.000000 
6545.000000 
6754.000000 
6823.000000 
6891.000000 
7037.000000 
7116.000000 
7271.000000 
7333.000000 
7413.000000 
7566.000000 
7799.000000 
8016.000000 
8078.000000 
8140.000000 
8293.000000 
8446.000000 
8591.000000 
8792.000000 
8943.000000 
9008.000000 
9008.000000 
9008.000000 
9088.000000 
9286.000000 
9286.000000 
9359.000000 
9439.000000 
9439.000000 
9439.000000 
9439.000000 
9439.000000 
9519.000000 
9582.000000 
9660.000000 
9811.000000 
9885.000000 
9958.000000 
10035.000000 
10259.000000 
10329.000000 
10329.000000 
10406.000000 
10406.000000 
10406.000000 
10406.000000 
10473.000000 
10688.000000 
10688.000000 
10688.000000 
10757.000000 
10833.000000 
11116.000000 
11116.000000 
11255.000000 
11470.000000 
11615.000000 
11830.000000 
11986.000000 
12194.000000 
12344.000000 
12413.000000 
12485.000000 
12626.000000 
12767.000000 
12767.000000 
12827.000000 
12887.000000 
13030.000000 
13168.000000 
13304.000000 
13304.000000 
13438.000000 
13631.000000 
13631.000000 
13707.000000 
13846.000000 
13922.000000 
14050.000000 
14196.000000 
14260.000000 
14391.000000 
14456.000000 
14585.000000 
14661.000000 
14661.000000 
14737.000000 
14737.000000 
14943.000000 
15147.000000 
15288.000000 
15357.000000 
15357.000000 
15496.000000 
15648.000000 
15648.000000 
15794.000000 
15794.000000 
15930.000000 
15998.000000 
16070.000000 
16070.000000 
16070.000000 
16277.000000 
16413.000000 
16622.000000 
16829.000000 
16965.000000 
17108.000000 
17247.000000 
17320.000000 
17541.000000 
17815.000000 
17889.000000 
18026.000000 
18178.000000 
18307.000000 
18664.000000 
18740.000000 
18881.000000 
19014.000000 
19147.000000 
19292.000000 
19368.000000 
19512.000000 
19584.000000 
19729.000000 
19801.000000 
19947.000000 
20019.000000 
20019.000000 
20163.000000 
20235.000000 
20447.000000 
20667.000000 
20667.000000 
20667.000000 
20667.000000 
20667.000000 
20667.000000 
20667.000000 
20736.000000 
20736.000000 
20804.000000 
20872.000000 
20872.000000 
20872.000000 
20872.000000 
20946.000000 
21089.000000 
21308.000000 
21539.000000 
21614.000000 
21690.000000 
21690.000000 
21758.000000 
21964.000000 
22328.000000 
22404.000000 
22631.000000 
22631.000000 
22781.000000 
22781.000000 
22857.000000 
23009.000000 
23148.000000 
23296.000000 
23296.000000 
23368.000000 
23513.000000 
23580.000000 
23640.000000 
23640.000000 
23700.000000 
23760.000000 
23836.000000 
23836.000000 
23904.000000 
23904.000000 
23982.000000 
23982.000000 
23982.000000 
23982.000000 
24049.000000 
24049.000000 
24243.000000 
24323.000000 
24403.000000 
24470.000000 
24625.000000 
24692.000000 
24834.000000 
24901.000000 
25094.000000 
25155.000000 
25284.000000 
25284.000000 
25444.000000 
25592.000000 
25592.000000 
25660.000000 
25740.000000 
25818.000000 
25818.000000 
25898.000000 
25898.000000 
25958.000000 
26026.000000 
26101.000000 
26229.000000 
26384.000000 
26384.000000 
26384.000000 
26464.000000 
26464.000000 
26533.000000 
26533.000000 
26533.000000 
26602.000000 
26668.000000 
26737.000000 
26737.000000 
26809.000000 
26879.000000 
26879.000000 
26951.000000 
26951.000000 
26951.000000 
27011.000000 
27161.000000 
27241.000000 
27463.000000 
27670.000000 
27887.000000 
27887.000000 
27966.000000 
27966.000000 
28046.000000 
28109.000000 
28316.000000 
28453.000000 
28514.000000 
28584.000000 
28647.000000 
28860.000000 
28938.000000 
29001.000000 
29077.000000 
29233.000000 
29455.000000 
29523.000000 
29599.000000 
29599.000000 
29599.000000 
29679.000000 
29898.000000 
30039.000000 
30269.000000 
30343.000000 
30423.000000 
30423.000000 
30423.000000 
30485.000000 
30565.000000 
30565.000000 
30767.000000 
30969.000000 
31199.000000 
31353.000000 
31487.000000 
31717.000000 
31929.000000 
32070.000000 
32140.000000 
32354.000000 
32639.000000 
32719.000000 
32780.000000 
33048.000000 
33237.000000 
33591.000000 
33883.000000 
33883.000000 
33959.000000 
34034.000000 
34095.000000 
34171.000000 
34171.000000 
34251.000000 
34477.000000 
34537.000000 
34537.000000 
34537.000000 
34671.000000 
34671.000000 
34671.000000 
34807.000000 
34954.000000 
35091.000000 
35171.000000 
35244.000000 
35306.000000 
35531.000000 
35657.000000 
35657.000000 
35657.000000 
35725.000000 
35860.000000 
35940.000000 
36020.000000 
36100.000000 
36176.000000 
36332.000000 
36544.000000 
36693.000000 
36768.000000 
36841.000000 
36913.000000 
36987.000000 
37201.000000 
37422.000000 
37561.000000 
37561.000000 
37705.000000 
37780.000000 
37851.000000 
38000.000000 
38139.000000 
38139.000000 
38214.000000 
38214.000000 
38214.000000 
38214.000000 
38353.000000 
38494.000000 
38621.000000 
38621.000000 
38694.000000 
38762.000000 
38830.000000 
38974.000000 
39120.000000 
39189.000000 
39335.000000 
39399.000000 
39613.000000 
39674.000000 
39674.000000 
39742.000000 
39803.000000 
39872.000000 
40087.000000 
40087.000000 
40164.000000 
40164.000000 
40164.000000 
40230.000000 
40368.000000 
40438.000000 
40713.000000 
40913.000000 
40992.000000 
40992.000000 
41055.000000 
41257.000000 
41327.000000 
41449.000000 
41519.000000 
41589.000000 
41710.000000 
41710.000000 
41710.000000 
41842.000000 
41974.000000 
42259.000000 
42319.000000 
42450.000000 
42450.000000 
42450.000000 
42601.000000 
42678.000000 
42816.000000 
42816.000000 
42816.000000 
42951.000000 
43014.000000 
43337.000000 
43414.000000 
43476.000000 
43539.000000 
43602.000000 
43741.000000 
43938.000000 
44138.000000 
44279.000000 
44345.000000 
44551.000000 
44680.000000 
44882.000000 
44882.000000 
44942.000000 
44942.000000 
45002.000000 
45076.000000 
45076.000000 
45150.000000 
45211.000000 
45285.000000 
45359.000000 
45433.000000 
45433.000000 
45433.000000 
45433.000000 
45498.000000 
45498.000000 
45498.000000 
45638.000000 
45638.000000 
45713.000000 
45863.000000 
46151.000000 
46151.000000 
46151.000000 
46229.000000 
46309.000000 
46374.000000 
46520.000000 
46600.000000 
46600.000000 
46678.000000 
46871.000000 
47091.000000 
47222.000000 
47360.000000 
47502.000000 
47502.000000 
47502.000000 
47502.000000 
47502.000000 
47582.000000 
47777.000000 
47915.000000 
47975.000000 
48104.000000 
48249.000000 
48315.000000 
48315.000000 
48315.000000 
48315.000000 
48570.000000 
48636.000000 
48636.000000 
48703.000000 
48772.000000 
48834.000000 
48896.000000 
48896.000000 
48896.000000 
48896.000000 
48896.000000 
48896.000000 
48896.000000 
48976.000000 
49038.000000 
49274.000000 
49350.000000 
49430.000000 
49430.000000 
49506.000000 
49582.000000 
49582.000000 
49582.000000 
49582.000000 
49658.000000 
49719.000000 
49719.000000 
49797.000000 
49797.000000 
49797.000000 
49797.000000 
49950.000000 
50030.000000 
50103.000000 
50103.000000 
50176.000000 
50239.000000 
50239.000000 
50313.000000 
50313.000000 
50313.000000 
50313.000000 
50313.000000 
50313.000000 
50313.000000 
50373.000000 
50516.000000 
50516.000000 
50516.000000 
50669.000000 
50742.000000 
50877.000000 
50877.000000 
50877.000000 
50877.000000 
50877.000000 
50877.000000 
50877.000000 
50877.000000 
50877.000000 
50877.000000 
50877.000000 
50949.000000 
51021.000000 
51021.000000 
51094.000000 
51244.000000 
51244.000000 
51313.000000 
51313.000000 
51382.000000 
51382.000000 
51382.000000 
51451.000000 
51530.000000 
51678.000000 
51747.000000 
51822.000000 
51901.000000 
51901.000000 
51901.000000 
51963.000000 
51963.000000 
51963.000000 
52085.000000 
52085.000000 
52146.000000 
52146.000000 
52146.000000 
52207.000000 
52392.000000 
52521.000000 
52586.000000 
52651.000000 
52712.000000 
52712.000000 
52776.000000 
52841.000000 
52905.000000 
53047.000000 
53185.000000 
53251.000000 
53251.000000 
53377.000000 
53377.000000 
53437.000000 
53502.000000 
53502.000000 
53724.000000 
53800.000000 
53800.000000 
53880.000000 
53880.000000 
53880.000000 
53880.000000 
53880.000000 
53952.000000 
54084.000000 
54084.000000 
54242.000000 
54242.000000 
54322.000000 
54466.000000 
54672.000000 
54825.000000 
54825.000000 
54904.000000 
55031.000000 
55172.000000 
55236.000000 
55432.000000 
55501.000000 
55637.000000 
55707.000000 
55846.000000 
56046.000000 
56185.000000 
56248.000000 
56312.000000 
56586.000000 
56799.000000 
56875.000000 
56951.000000 
57027.000000 
57107.000000 
57181.000000 
57181.000000 
57261.000000 
57341.000000 
57421.000000 
57735.000000 
57812.000000 
57889.000000 
57966.000000 
58041.000000 
58116.000000 
58116.000000 
58192.000000 
58260.000000 
58558.000000 
58635.000000 
58703.000000 
58936.000000 
59089.000000 
59089.000000 
59233.000000 
59377.000000 
59377.000000 
59601.000000 
59601.000000 
59873.000000 
60100.000000 
60178.000000 
60330.000000 
60330.000000 
60467.000000 
60606.000000 
60816.000000 
60968.000000 
60968.000000 
61031.000000 
61031.000000 
61094.000000 
61233.000000 
61233.000000 
61385.000000 
61522.000000 
61598.000000 
61598.000000 
61745.000000 
61816.000000 
61816.000000 
61892.000000 
61892.000000 
61968.000000 
61968.000000 
61968.000000 
61968.000000 
61968.000000 
62037.000000 
62099.000000 
62099.000000 
62161.000000 
62236.000000 
62298.000000 
62298.000000 
62433.000000 
62433.000000 
62433.000000 
62507.000000 
62507.000000 
62507.000000 
62704.000000 
62827.000000 
63014.000000 
63092.000000 
63233.000000 
63233.000000 
63389.000000 
63467.000000 
63545.000000 
63837.000000 
63907.000000 
63985.000000 
64215.000000 
64363.000000 
64659.000000 
64659.000000 
64659.000000 
64878.000000 
64945.000000 
65017.000000 
65089.000000 
65164.000000 
65164.000000 
65164.000000 
65164.000000 
65296.000000 
65296.000000 
65371.000000 
65371.000000 
65371.000000 
65371.000000 
65529.000000 
65529.000000 
65687.000000 
65687.000000 
65687.000000 
65749.000000 
65822.000000 
65895.000000 
65895.000000 
65968.000000 
66105.000000 
66241.000000 
66241.000000 
66241.000000 
66241.000000 
66302.000000 
66302.000000 
66302.000000 
66302.000000 
66302.000000 
66378.000000 
66378.000000 
66378.000000 
66456.000000 
66529.000000 
66529.000000 
66529.000000 
66529.000000 
66529.000000 
66678.000000 
66754.000000 
66754.000000 
66830.000000 
66830.000000 
67110.000000 
67175.000000 
67242.000000 
67319.000000 
67379.000000 
67444.000000 
67444.000000 
67444.000000 
67504.000000 
67572.000000 
67791.000000 
67917.000000 
68050.000000 
68050.000000 
68050.000000 
68123.000000 
68184.000000 
68325.000000 
68455.000000 
68599.000000 
68661.000000 
68867.000000 
68929.000000 
68992.000000 
68992.000000 
69259.000000 
69389.000000 
69389.000000 
69389.000000 
69451.000000 
69451.000000 
69575.000000 
69701.000000 
69763.000000 
69825.000000 
69962.000000 
70100.000000 
70305.000000 
70305.000000 
70497.000000 
70497.000000 
70497.000000 
70497.000000 
70728.000000 
70805.000000 
70805.000000 
70884.000000 
70884.000000 
71027.000000 
71106.000000 
71106.000000 
71106.000000 
71329.000000 
71408.000000 
71475.000000 
71736.000000 
71736.000000 
71873.000000 
71951.000000 
72096.000000 
72321.000000 
72382.000000 
72382.000000 
72454.000000 
72525.000000 
72653.000000 
72653.000000 
72731.000000 
72869.000000 
72869.000000 
72869.000000 
72869.000000 
72869.000000 
72869.000000 
72869.000000 
72869.000000 
72869.000000 
72930.000000 
73070.000000 
73146.000000 
73218.000000 
73287.000000 
73356.000000 
73356.000000 
73425.000000 
73497.000000 
73641.000000 
73706.000000 
73850.000000 
73915.000000 
73915.000000 
73915.000000 
74056.000000 
74128.000000 
74267.000000 
74412.000000 
74558.000000 
74780.000000 
74850.000000 
74850.000000 
74928.000000 
74928.000000 
74928.000000 
75006.000000 
75006.000000 
75006.000000 
75006.000000 
75133.000000 
75133.000000 
75209.000000 
75209.000000 
75275.000000 
75275.000000 
75341.000000 
75341.000000 
75341.000000 
75404.000000 
75404.000000 
75471.000000 
75471.000000 
75471.000000 
75471.000000 
75539.000000 
75678.000000 
75755.000000 
75755.000000 
75832.000000 
75832.000000 
75832.000000 
75956.000000 
76033.000000 
76033.000000 
76104.000000 
76104.000000 
76177.000000 
76379.000000 
76379.000000 
76596.000000 
76676.000000 
76816.000000 
76945.000000 
77012.000000 
77087.000000 
77305.000000 
77428.000000 
77489.000000 
77644.000000 
77644.000000 
77710.000000 
77771.000000 
77771.000000 
77771.000000 
77832.000000 
77908.000000 
77908.000000 
78101.000000 
78383.000000 
78383.000000 
78383.000000 
78383.000000 
78524.000000 
78524.000000 
78524.000000 
78524.000000 
78600.000000 
78676.000000 
78752.000000 
78832.000000 
78901.000000 
78901.000000 
78969.000000 
79118.000000 
79118.000000 
79198.000000 
79198.000000 
79332.000000 
79405.000000 
79478.000000 
79478.000000 
79551.000000 
79704.000000 
79916.000000 
80062.000000 
80142.000000 
80283.000000 
80360.000000 
80440.000000 
80587.000000 
80587.000000 
80667.000000 
80728.000000 
80864.000000 
81001.000000 
81001.000000 
