80.309998 
89.660004 
92.199997 
93.690002 
94.370003 
95.099998 
95.370003 
95.730003 
95.959999 
96.099998 
96.320000 
96.400002 
96.540001 
96.839996 
96.870003 
96.930000 
97.000000 
97.120003 
97.139999 
97.269997 
97.339996 
97.410004 
97.269997 
97.430000 
97.519997 
97.500000 
97.739998 
97.610001 
97.620003 
97.720001 
97.769997 
97.730003 
97.739998 
97.839996 
97.889999 
97.910004 
97.919998 
97.930000 
97.919998 
97.989998 
97.970001 
98.029999 
98.040001 
98.089996 
98.089996 
98.110001 
98.150002 
98.160004 
98.160004 
98.150002 
98.120003 
98.209999 
98.180000 
98.169998 
98.129997 
98.220001 
98.290001 
98.339996 
98.339996 
98.339996 
98.360001 
98.379997 
98.419998 
98.379997 
98.389999 
98.449997 
98.459999 
98.449997 
98.449997 
98.489998 
98.519997 
98.500000 
98.570000 
98.550003 
98.519997 
98.550003 
98.570000 
98.559998 
98.459999 
98.570000 
98.580002 
98.620003 
98.529999 
98.519997 
98.540001 
98.570000 
98.570000 
98.580002 
98.639999 
98.690002 
98.650002 
98.610001 
98.589996 
98.650002 
98.650002 
98.629997 
98.629997 
98.669998 
98.720001 
98.639999 
98.660004 
98.639999 
98.620003 
98.639999 
98.669998 
98.639999 
98.680000 
98.650002 
98.699997 
98.599998 
98.750000 
98.669998 
98.690002 
98.650002 
98.660004 
98.690002 
98.680000 
98.790001 
98.750000 
98.730003 
98.720001 
98.690002 
98.720001 
98.760002 
98.760002 
98.730003 
98.769997 
98.760002 
98.750000 
98.730003 
98.750000 
98.720001 
98.820000 
98.800003 
98.779999 
98.739998 
98.800003 
98.790001 
98.790001 
98.779999 
98.779999 
98.779999 
98.800003 
98.779999 
98.790001 
98.769997 
98.769997 
98.760002 
98.800003 
98.790001 
98.739998 
98.779999 
98.779999 
98.849998 
98.790001 
98.809998 
98.790001 
98.800003 
98.809998 
98.849998 
98.839996 
98.809998 
98.790001 
98.750000 
98.739998 
98.760002 
98.790001 
98.790001 
98.790001 
98.839996 
98.790001 
98.790001 
98.820000 
98.839996 
98.779999 
98.830002 
98.830002 
98.860001 
98.809998 
98.800003 
98.839996 
98.790001 
98.839996 
98.820000 
98.809998 
98.820000 
98.800003 
98.889999 
98.860001 
98.879997 
98.870003 
98.870003 
98.860001 
98.900002 
98.849998 
98.860001 
98.809998 
98.879997 
98.839996 
98.849998 
98.849998 
98.879997 
98.839996 
98.879997 
98.889999 
98.910004 
98.839996 
98.830002 
98.889999 
98.870003 
98.860001 
98.870003 
98.889999 
98.870003 
98.889999 
98.910004 
98.870003 
98.940002 
98.879997 
98.910004 
98.910004 
98.870003 
98.910004 
98.930000 
98.879997 
98.900002 
98.889999 
98.940002 
98.940002 
98.949997 
98.900002 
98.889999 
98.889999 
98.860001 
98.940002 
98.900002 
98.930000 
98.949997 
98.870003 
98.860001 
98.940002 
98.900002 
98.949997 
98.940002 
98.919998 
98.879997 
98.889999 
98.900002 
98.910004 
98.870003 
98.870003 
98.930000 
98.940002 
98.910004 
98.870003 
98.879997 
98.900002 
98.949997 
98.940002 
98.919998 
98.949997 
98.940002 
98.889999 
98.879997 
98.900002 
98.940002 
98.959999 
98.949997 
98.930000 
98.930000 
98.919998 
98.879997 
99.000000 
98.930000 
98.879997 
98.889999 
98.930000 
98.879997 
98.889999 
98.900002 
98.930000 
98.910004 
98.940002 
98.910004 
98.959999 
98.959999 
98.879997 
98.949997 
98.919998 
98.959999 
98.930000 
98.930000 
98.980003 
98.940002 
98.970001 
98.949997 
99.000000 
98.980003 
99.000000 
99.000000 
98.970001 
98.959999 
98.980003 
98.959999 
98.930000 
98.959999 
98.949997 
98.980003 
98.970001 
98.959999 
98.930000 
98.989998 
99.000000 
98.989998 
99.000000 
98.949997 
98.919998 
98.949997 
98.910004 
98.980003 
98.940002 
98.940002 
98.910004 
98.980003 
98.900002 
98.970001 
98.949997 
98.970001 
98.980003 
98.949997 
98.970001 
98.980003 
99.019997 
98.989998 
98.949997 
99.029999 
98.980003 
99.019997 
98.980003 
98.980003 
99.000000 
98.959999 
98.989998 
98.949997 
98.949997 
98.980003 
99.019997 
98.989998 
98.959999 
98.970001 
98.949997 
98.980003 
98.980003 
98.930000 
98.989998 
98.980003 
99.000000 
98.989998 
99.019997 
98.970001 
99.029999 
98.900002 
99.000000 
98.980003 
99.000000 
99.019997 
99.050003 
99.029999 
98.949997 
98.970001 
99.019997 
99.010002 
99.019997 
99.000000 
99.010002 
98.980003 
99.019997 
98.989998 
98.989998 
99.000000 
98.940002 
98.980003 
98.980003 
98.980003 
99.019997 
99.000000 
99.019997 
98.980003 
98.959999 
98.980003 
99.000000 
99.010002 
98.980003 
98.989998 
98.980003 
98.989998 
99.000000 
99.019997 
99.050003 
98.959999 
99.010002 
98.989998 
99.000000 
99.000000 
99.029999 
98.940002 
98.980003 
98.989998 
98.980003 
98.980003 
98.980003 
99.000000 
98.989998 
99.010002 
98.989998 
99.040001 
99.029999 
98.980003 
99.010002 
99.019997 
98.989998 
99.000000 
99.029999 
99.019997 
99.000000 
99.040001 
99.019997 
99.000000 
98.980003 
99.019997 
99.019997 
99.080002 
99.029999 
99.040001 
99.040001 
99.010002 
99.050003 
99.070000 
99.059998 
99.000000 
99.029999 
99.059998 
99.059998 
99.059998 
99.050003 
99.050003 
99.080002 
99.050003 
99.019997 
99.000000 
99.010002 
99.050003 
99.050003 
99.050003 
99.029999 
99.040001 
99.040001 
99.010002 
99.040001 
99.029999 
99.070000 
99.059998 
99.070000 
99.010002 
99.050003 
99.029999 
99.050003 
99.040001 
99.050003 
99.050003 
99.040001 
99.019997 
99.070000 
99.059998 
99.059998 
99.120003 
99.000000 
99.050003 
98.980003 
99.040001 
99.019997 
99.029999 
99.050003 
99.099998 
99.089996 
99.019997 
99.050003 
99.040001 
99.019997 
99.089996 
99.040001 
99.000000 
98.989998 
99.040001 
99.059998 
99.050003 
99.050003 
99.070000 
99.070000 
99.050003 
98.989998 
99.050003 
99.050003 
99.000000 
99.019997 
99.010002 
99.010002 
99.070000 
99.080002 
99.070000 
99.010002 
99.040001 
99.050003 
99.019997 
99.029999 
99.029999 
99.029999 
99.029999 
99.040001 
99.050003 
99.050003 
99.029999 
99.080002 
99.019997 
98.980003 
99.010002 
99.070000 
99.059998 
99.050003 
99.040001 
99.029999 
99.040001 
99.050003 
99.050003 
98.989998 
99.019997 
99.050003 
99.050003 
99.070000 
99.040001 
99.059998 
99.040001 
99.019997 
99.040001 
99.019997 
99.019997 
99.029999 
99.029999 
99.040001 
99.040001 
99.059998 
99.050003 
99.019997 
99.040001 
99.010002 
99.029999 
99.040001 
99.019997 
99.029999 
99.019997 
99.000000 
99.000000 
98.959999 
99.019997 
99.000000 
99.029999 
98.940002 
98.980003 
98.930000 
98.989998 
99.050003 
99.019997 
98.980003 
99.050003 
99.040001 
99.019997 
99.040001 
99.019997 
99.050003 
99.019997 
99.029999 
99.019997 
99.000000 
99.050003 
98.930000 
99.070000 
98.989998 
99.000000 
98.989998 
99.000000 
99.019997 
98.989998 
99.019997 
99.010002 
99.040001 
99.040001 
99.029999 
99.029999 
99.029999 
99.040001 
99.000000 
99.010002 
99.050003 
99.000000 
99.070000 
99.040001 
99.029999 
99.040001 
99.059998 
99.040001 
99.089996 
99.059998 
99.059998 
99.080002 
99.080002 
98.989998 
99.040001 
99.080002 
99.080002 
99.080002 
99.050003 
99.040001 
99.029999 
99.070000 
99.070000 
99.070000 
99.029999 
99.059998 
99.070000 
99.059998 
99.089996 
99.040001 
99.110001 
99.029999 
99.070000 
99.059998 
99.019997 
99.050003 
99.059998 
99.040001 
99.040001 
99.019997 
99.070000 
99.029999 
99.040001 
99.059998 
99.070000 
99.010002 
99.029999 
99.040001 
99.050003 
99.059998 
99.089996 
99.059998 
99.089996 
99.110001 
99.050003 
99.050003 
99.029999 
99.029999 
99.059998 
99.040001 
99.050003 
99.059998 
99.050003 
99.000000 
99.059998 
99.040001 
99.040001 
99.029999 
99.059998 
99.080002 
99.019997 
99.010002 
99.050003 
99.040001 
99.029999 
99.050003 
98.989998 
99.010002 
99.000000 
99.019997 
99.000000 
99.010002 
99.040001 
98.989998 
99.050003 
99.029999 
99.050003 
99.059998 
99.010002 
99.029999 
99.050003 
99.040001 
99.029999 
99.099998 
99.019997 
99.050003 
99.010002 
99.000000 
99.050003 
99.070000 
99.050003 
99.029999 
99.040001 
99.059998 
99.070000 
99.010002 
99.040001 
99.059998 
99.010002 
99.000000 
99.019997 
99.029999 
98.980003 
99.010002 
99.019997 
98.989998 
99.010002 
99.040001 
99.010002 
99.029999 
99.040001 
98.980003 
99.010002 
99.059998 
99.080002 
99.040001 
98.980003 
98.989998 
99.019997 
99.019997 
99.050003 
98.980003 
99.029999 
99.019997 
99.029999 
99.050003 
99.099998 
99.059998 
99.029999 
99.059998 
99.059998 
99.029999 
99.050003 
99.050003 
99.050003 
99.070000 
99.059998 
99.050003 
99.050003 
99.080002 
99.019997 
99.040001 
99.099998 
99.029999 
99.070000 
99.089996 
99.089996 
99.040001 
99.050003 
99.070000 
99.029999 
99.019997 
99.010002 
99.019997 
99.050003 
99.050003 
99.050003 
99.050003 
98.970001 
99.019997 
99.000000 
99.059998 
99.040001 
99.019997 
99.059998 
99.050003 
99.010002 
99.000000 
99.000000 
99.019997 
99.000000 
98.989998 
98.989998 
99.029999 
99.000000 
99.029999 
99.019997 
99.000000 
99.050003 
99.059998 
99.029999 
99.050003 
99.029999 
99.000000 
99.040001 
99.059998 
99.000000 
99.010002 
99.019997 
99.040001 
99.029999 
99.019997 
99.070000 
99.019997 
99.010002 
99.040001 
99.070000 
99.070000 
99.010002 
99.050003 
99.059998 
99.099998 
99.080002 
99.059998 
99.070000 
99.070000 
99.059998 
99.080002 
99.089996 
99.029999 
99.070000 
99.029999 
99.070000 
99.089996 
99.040001 
99.099998 
99.059998 
99.089996 
99.040001 
99.110001 
99.080002 
99.059998 
99.059998 
99.099998 
99.050003 
99.080002 
99.110001 
99.059998 
99.029999 
99.059998 
99.059998 
99.000000 
99.040001 
98.980003 
99.050003 
99.019997 
99.019997 
99.029999 
98.949997 
99.010002 
99.019997 
99.059998 
99.029999 
99.059998 
99.050003 
99.040001 
99.059998 
99.080002 
99.050003 
99.040001 
99.059998 
99.080002 
99.050003 
99.070000 
99.080002 
99.059998 
99.019997 
99.050003 
99.029999 
99.029999 
99.040001 
99.070000 
99.050003 
99.040001 
99.059998 
99.040001 
99.050003 
99.050003 
99.029999 
99.059998 
99.050003 
99.050003 
99.059998 
99.050003 
99.059998 
99.099998 
99.080002 
99.050003 
99.099998 
99.089996 
99.029999 
99.029999 
99.059998 
99.029999 
99.080002 
99.059998 
99.110001 
99.080002 
99.059998 
99.070000 
99.080002 
99.089996 
99.070000 
99.050003 
99.029999 
99.050003 
99.059998 
99.029999 
99.029999 
99.019997 
99.040001 
99.080002 
99.040001 
99.080002 
99.080002 
99.070000 
99.040001 
99.010002 
99.019997 
99.000000 
99.029999 
99.029999 
99.029999 
99.029999 
99.040001 
99.019997 
99.019997 
99.000000 
99.029999 
99.059998 
99.050003 
98.989998 
99.070000 
99.070000 
99.099998 
99.040001 
99.040001 
99.050003 
99.040001 
99.050003 
99.040001 
99.050003 
99.059998 
99.080002 
99.070000 
99.019997 
99.029999 
99.050003 
99.019997 
99.040001 
99.059998 
99.050003 
99.040001 
99.040001 
99.070000 
99.059998 
99.059998 
99.050003 
99.080002 
99.050003 
99.029999 
99.080002 
99.089996 
99.099998 
99.080002 
99.070000 
99.110001 
99.110001 
99.080002 
99.070000 
99.089996 
99.070000 
99.050003 
99.050003 
99.089996 
99.059998 
99.080002 
99.120003 
99.050003 
99.040001 
99.040001 
99.059998 
99.080002 
99.059998 
99.080002 
99.050003 
99.120003 
99.070000 
99.070000 
99.070000 
99.059998 
99.120003 
99.050003 
99.059998 
99.070000 
99.059998 
99.080002 
99.050003 
