39.619999 
59.259998 
79.739998 
85.750000 
88.430000 
90.120003 
91.300003 
91.730003 
92.089996 
93.040001 
93.199997 
93.639999 
94.010002 
94.089996 
94.360001 
94.629997 
94.709999 
95.000000 
95.150002 
95.250000 
95.300003 
95.510002 
95.709999 
95.660004 
95.839996 
95.870003 
96.010002 
96.120003 
96.220001 
96.180000 
96.260002 
96.239998 
96.379997 
96.389999 
96.550003 
96.599998 
96.550003 
96.690002 
96.709999 
96.720001 
96.660004 
96.680000 
96.790001 
96.779999 
96.889999 
96.930000 
96.930000 
96.940002 
97.050003 
97.010002 
96.989998 
97.150002 
97.220001 
97.169998 
97.110001 
97.099998 
97.160004 
97.209999 
97.260002 
97.370003 
97.410004 
97.440002 
97.440002 
97.510002 
97.480003 
97.550003 
97.540001 
97.629997 
97.650002 
97.629997 
97.650002 
97.720001 
97.750000 
97.730003 
97.760002 
97.750000 
97.790001 
97.790001 
97.900002 
97.809998 
97.849998 
97.820000 
97.860001 
97.820000 
97.910004 
97.949997 
97.949997 
97.989998 
97.980003 
97.989998 
97.989998 
97.980003 
98.040001 
98.019997 
98.010002 
97.980003 
98.169998 
98.120003 
98.080002 
98.059998 
