2.211579 
1.813703 
1.085679 
0.676526 
0.511601 
0.432041 
0.357904 
0.317510 
0.292742 
0.264120 
0.243817 
0.228855 
0.212710 
0.201256 
0.193893 
0.181355 
0.175027 
0.172104 
0.165693 
0.158239 
0.151966 
0.148174 
0.143963 
0.140551 
0.135511 
0.133318 
0.129514 
0.127720 
0.126343 
0.121625 
0.119359 
0.117805 
0.113564 
0.113868 
0.110482 
0.108586 
0.105942 
0.104372 
0.102951 
0.100979 
0.102128 
0.100115 
0.099067 
0.098642 
0.096398 
0.094369 
0.094160 
0.091773 
0.092374 
0.090919 
0.089810 
0.087894 
0.088130 
0.085529 
0.086884 
0.085294 
0.084308 
0.081887 
0.081238 
0.079701 
0.080175 
0.080311 
0.079202 
0.078362 
0.076845 
0.076454 
0.075540 
0.075347 
0.074365 
0.073766 
0.074218 
0.073354 
0.072707 
0.072761 
0.071645 
0.070184 
0.070661 
0.069776 
0.069456 
0.069722 
0.069748 
0.068529 
0.067834 
0.068046 
0.065810 
0.065753 
0.066398 
0.065528 
0.065624 
0.064921 
0.064554 
0.065005 
0.064165 
0.064164 
0.063865 
0.063507 
0.061422 
0.061595 
0.061753 
0.061327 
