1.056568 
0.403168 
0.276077 
0.217114 
0.186765 
0.165247 
0.150314 
0.138382 
0.127883 
0.121005 
0.114460 
0.109496 
0.106807 
0.099174 
0.098734 
0.096466 
0.094441 
0.088974 
0.087858 
0.085922 
0.082619 
0.080795 
0.080405 
0.078177 
0.076409 
0.076617 
0.073792 
0.073050 
0.072186 
0.071197 
0.070254 
0.070397 
0.068924 
0.067532 
0.064281 
0.065962 
0.063414 
0.064231 
0.063476 
0.062494 
0.061522 
0.060195 
0.060820 
0.058704 
0.058718 
0.058111 
0.057930 
0.056685 
0.056625 
0.056559 
0.056798 
0.055783 
0.056493 
0.056538 
0.056719 
0.054985 
0.053263 
0.052971 
0.052555 
0.052604 
0.052649 
0.052433 
0.051471 
0.051945 
0.052379 
0.051146 
0.051798 
0.051515 
0.051139 
0.050325 
0.050670 
0.051308 
0.050017 
0.050231 
0.049176 
0.048564 
0.048534 
0.048139 
0.047821 
0.047602 
0.048016 
0.047993 
0.048970 
0.048663 
0.049196 
0.049765 
0.049064 
0.048049 
0.045424 
0.046388 
0.046944 
0.047697 
0.047664 
0.047219 
0.047364 
0.047035 
0.046295 
0.045884 
0.044923 
0.044986 
0.045219 
0.045118 
0.046041 
0.045110 
0.046346 
0.045755 
0.046010 
0.045281 
0.046215 
0.044863 
0.044688 
0.045045 
0.044472 
0.045080 
0.045649 
0.044389 
0.044224 
0.043984 
0.045028 
0.043986 
0.044472 
0.044067 
0.043781 
0.043794 
0.043393 
0.043272 
0.043704 
0.044115 
0.043286 
0.043418 
0.042826 
0.043550 
0.042166 
0.043040 
0.042268 
0.043639 
0.042424 
0.042900 
0.043054 
0.043329 
0.044144 
0.042675 
0.042586 
0.044033 
0.043961 
0.043786 
0.043165 
0.042523 
0.043108 
0.042634 
0.041854 
0.042198 
0.041984 
0.041510 
0.041222 
0.042890 
0.042922 
0.041198 
0.041466 
0.041491 
0.041633 
0.041594 
0.042037 
0.042301 
0.042741 
0.042094 
0.040830 
0.041562 
0.042727 
0.041587 
0.041395 
0.040875 
0.040826 
0.041127 
0.041991 
0.041970 
0.041858 
0.040320 
0.041575 
0.041042 
0.040912 
0.041127 
0.040366 
0.041026 
0.041628 
0.041228 
0.041325 
0.040436 
0.040862 
0.041446 
0.040941 
0.040258 
0.039948 
0.040648 
0.040556 
0.041594 
0.041857 
0.040516 
0.040435 
0.039461 
0.040323 
0.039275 
0.040665 
0.040206 
0.039682 
0.040309 
0.040056 
0.040326 
0.039977 
0.040537 
0.040798 
0.040796 
0.040746 
0.041226 
0.040413 
0.039070 
0.040437 
0.040840 
0.039614 
0.040071 
0.039804 
0.041364 
0.039309 
0.040444 
0.038850 
0.039618 
0.039488 
0.039625 
0.038775 
0.039212 
0.038914 
0.039340 
0.038293 
0.040386 
0.039763 
0.039713 
0.039306 
0.038869 
0.041276 
0.040489 
0.039683 
0.040308 
0.038925 
0.039774 
0.038725 
0.038551 
0.040205 
0.038314 
0.038374 
0.039722 
0.039432 
0.038787 
0.038886 
0.039022 
0.039272 
0.038897 
0.039164 
0.038407 
0.038862 
0.037984 
0.037937 
0.037994 
0.038473 
0.038768 
0.038058 
0.037810 
0.039036 
0.038826 
0.038256 
0.038799 
0.038503 
0.037697 
0.039009 
0.038316 
0.039649 
0.038507 
0.039154 
0.039069 
0.038423 
0.038059 
0.039171 
0.037866 
0.039266 
0.038238 
0.039264 
0.038248 
0.038390 
0.038777 
0.038549 
0.038925 
0.037515 
0.037218 
0.038525 
0.038916 
0.039079 
0.038356 
0.038380 
0.038227 
0.038896 
0.039008 
0.038540 
0.038580 
0.038478 
0.038154 
0.039445 
0.038299 
0.038210 
0.038276 
0.038156 
0.038882 
0.039745 
0.038922 
0.037754 
0.039012 
0.037744 
0.038317 
0.038317 
0.038655 
0.038643 
0.038484 
0.039542 
0.038235 
0.038524 
0.038398 
0.039547 
0.038390 
0.038833 
0.038506 
0.038709 
0.037354 
0.038114 
0.037203 
0.037599 
0.037360 
0.038199 
0.037316 
0.037421 
0.038267 
0.037881 
0.037888 
0.036274 
0.038507 
0.038361 
0.037794 
0.038351 
0.037404 
0.037687 
0.036504 
0.036597 
0.038326 
0.038231 
0.037029 
0.037386 
0.038494 
0.038094 
0.038556 
0.038507 
0.037516 
0.037517 
0.037517 
0.037366 
0.036858 
0.037122 
0.037537 
0.036496 
0.038483 
0.038213 
0.038091 
0.037663 
0.037434 
0.037134 
0.036833 
0.036836 
0.037298 
0.037217 
0.037552 
0.037006 
0.037903 
0.037666 
0.037493 
0.036923 
0.037274 
0.037793 
0.036940 
0.036002 
0.036854 
0.036914 
0.038238 
0.038597 
0.037658 
0.038372 
0.037331 
0.036330 
0.036518 
0.038514 
0.037982 
0.038078 
0.037169 
0.037563 
0.038266 
0.037381 
0.037564 
0.038056 
0.037951 
0.037012 
0.036819 
0.037497 
0.037493 
0.037768 
0.037325 
0.037540 
0.037093 
0.037573 
0.037284 
0.037303 
0.036857 
0.036394 
0.037202 
0.037276 
0.037497 
0.036477 
0.037032 
0.037875 
0.038015 
0.036960 
0.036915 
0.037157 
0.036995 
0.036451 
0.036693 
0.036396 
0.035812 
0.036410 
0.037265 
0.037341 
0.037958 
0.037847 
0.038058 
0.037821 
0.037641 
0.037768 
0.037611 
0.037135 
0.037337 
0.037059 
0.035697 
0.036564 
0.037219 
0.037356 
0.037611 
0.037307 
0.035490 
0.036071 
0.037213 
0.037719 
0.037413 
0.037963 
0.036020 
0.035766 
0.036298 
0.034989 
0.035992 
0.035765 
0.034972 
0.035288 
0.034993 
0.036747 
0.037386 
0.035791 
0.035470 
0.035555 
0.035345 
0.035619 
0.036822 
0.036299 
0.036184 
0.035720 
0.035445 
0.037014 
0.036495 
0.036649 
0.036169 
0.034751 
0.036090 
0.035995 
0.036349 
0.036116 
0.035632 
0.036610 
0.035514 
0.035630 
0.036258 
0.036306 
0.035999 
0.036487 
0.036499 
0.036984 
0.036650 
0.036623 
0.036777 
0.036025 
0.035528 
0.036385 
0.035995 
0.036237 
0.037190 
0.037212 
0.036534 
0.036274 
0.036215 
0.036018 
0.036104 
0.035721 
0.035630 
0.035932 
0.035999 
0.036370 
0.036194 
0.036735 
0.036168 
0.036302 
0.036338 
0.036539 
0.035730 
0.035980 
0.035534 
0.035338 
0.035566 
0.036075 
0.035974 
0.035193 
0.035979 
0.035606 
0.036059 
0.035824 
0.035753 
0.036759 
0.035900 
0.035912 
0.036101 
0.036268 
0.035371 
0.036196 
0.036589 
0.036430 
0.034970 
0.035604 
0.035302 
0.035883 
0.036373 
0.036877 
0.036910 
0.035255 
0.035573 
0.036642 
0.036258 
0.035988 
0.036184 
0.036607 
0.036240 
0.036910 
0.036408 
0.037120 
0.035197 
0.034544 
0.035324 
0.035832 
0.035692 
0.035251 
0.036087 
0.034838 
0.034672 
0.034821 
0.035991 
0.035273 
0.034990 
0.035031 
0.035612 
0.035630 
0.035001 
0.035046 
0.036106 
0.036371 
0.036035 
0.036166 
0.035669 
0.035207 
0.036338 
0.036314 
0.035774 
0.035159 
0.035421 
0.035480 
0.036139 
0.036557 
0.036021 
0.036065 
0.035298 
0.035865 
0.035214 
0.036279 
0.036219 
0.036032 
0.035644 
0.034991 
0.035288 
0.035687 
0.035164 
0.034898 
0.035050 
0.035678 
0.034769 
0.034580 
0.035180 
0.035629 
0.036286 
0.035279 
0.035806 
0.035773 
0.035298 
0.035248 
0.036037 
0.035148 
0.035527 
0.034976 
0.035110 
0.035802 
0.036038 
0.035107 
0.035098 
0.035474 
0.035948 
0.035016 
0.034922 
0.034055 
0.035418 
0.033918 
0.035080 
0.034612 
0.035124 
0.034448 
0.033962 
0.033946 
0.035146 
0.034497 
0.034364 
0.034330 
0.034532 
0.034412 
0.035487 
0.035220 
0.034711 
0.034019 
0.033897 
0.034667 
0.034499 
0.034258 
0.034534 
0.035580 
0.035138 
0.034879 
0.034161 
0.034765 
0.034242 
0.034056 
0.034710 
0.034884 
0.035431 
0.034872 
0.034454 
0.034097 
0.035177 
0.035601 
0.034763 
0.034335 
0.035424 
0.034955 
0.034865 
0.034611 
0.034799 
0.034972 
0.035679 
0.034446 
0.034473 
0.034498 
0.035323 
0.034831 
0.035727 
0.034678 
0.035358 
0.035389 
0.035528 
0.034923 
0.035010 
0.035354 
0.034209 
0.035318 
0.035675 
0.035572 
0.034519 
0.033848 
0.034684 
0.034775 
0.035116 
0.035795 
0.036503 
0.035462 
0.036512 
0.036491 
0.035591 
0.035788 
0.035703 
0.036275 
0.035915 
0.034837 
0.034962 
0.034982 
0.035294 
0.035546 
0.035031 
0.034516 
0.034909 
0.034738 
0.034754 
0.034846 
0.034552 
0.034462 
0.035077 
0.035132 
0.035192 
0.035128 
0.034404 
0.035008 
0.035287 
0.034915 
0.034706 
0.035107 
0.035402 
0.034640 
0.035184 
0.035334 
0.035090 
0.034668 
0.034214 
0.034361 
0.034925 
0.034324 
0.035574 
0.035647 
0.034935 
0.034833 
0.034055 
0.034010 
0.033279 
0.034855 
0.034357 
0.034598 
0.034958 
0.035273 
0.035165 
0.034998 
0.034721 
0.034866 
0.034980 
0.033957 
0.033975 
0.033636 
0.034037 
0.034471 
0.034207 
0.034023 
0.033889 
0.034127 
0.033698 
0.033925 
0.034625 
0.034768 
0.034886 
0.035209 
0.034896 
0.034365 
0.035075 
0.035585 
0.035078 
0.034303 
0.033653 
0.034571 
0.034983 
0.033954 
0.034730 
0.034201 
0.034706 
0.033663 
0.033715 
0.033498 
0.034849 
0.034525 
0.033748 
0.034558 
0.034799 
0.034406 
0.033667 
0.034136 
0.034672 
0.034602 
0.034886 
0.035627 
0.034461 
0.034493 
0.032944 
0.033898 
0.033783 
0.034181 
0.033855 
0.034258 
0.034528 
0.033922 
0.033813 
0.034403 
0.034233 
0.034076 
0.034924 
0.034302 
0.034039 
0.034303 
0.033737 
0.033589 
0.033297 
0.033576 
0.033244 
0.032982 
0.033564 
0.033635 
0.033568 
0.033485 
0.032968 
0.033968 
0.033820 
0.033705 
0.033899 
0.033546 
0.034534 
0.034367 
0.034144 
0.034594 
0.033897 
0.034574 
0.034432 
0.034924 
0.033554 
0.033320 
0.033328 
0.034295 
0.033396 
0.033652 
0.034260 
0.033647 
0.033682 
0.033474 
0.033646 
0.033443 
0.033575 
0.034239 
0.034313 
0.033130 
0.034501 
0.033855 
0.033408 
0.033546 
0.035035 
0.034144 
0.033267 
0.034020 
0.033982 
0.034301 
0.034673 
0.033822 
0.033230 
0.033891 
0.033075 
0.033831 
0.033599 
0.034288 
0.034203 
0.033914 
0.034429 
0.035126 
0.033630 
0.032950 
0.033222 
0.033838 
0.033183 
0.034909 
0.034527 
0.033986 
0.033740 
0.034807 
0.034483 
0.033040 
0.033836 
0.034772 
0.033204 
0.033590 
0.033224 
0.033057 
0.034404 
0.034607 
0.034342 
0.032923 
0.033477 
0.033908 
0.033704 
0.033957 
0.034478 
0.034712 
0.034277 
0.033902 
0.033636 
0.033767 
0.033798 
0.032915 
0.034262 
0.034596 
0.034370 
0.034405 
0.034561 
0.033424 
0.034479 
0.033429 
0.034073 
0.033712 
0.033459 
0.032382 
0.033802 
0.033890 
0.033827 
0.033238 
0.033660 
0.034767 
0.035173 
0.033844 
0.032578 
0.034024 
0.033143 
0.033669 
0.034004 
0.033554 
0.033615 
0.033480 
0.033983 
0.034467 
0.033679 
0.032939 
0.034121 
0.033338 
0.033355 
0.033672 
0.034294 
0.034056 
0.034919 
0.033314 
0.033252 
0.033704 
0.033733 
0.032920 
0.032676 
0.033468 
0.033678 
0.033582 
0.032958 
0.033295 
0.032201 
0.032614 
0.032868 
0.033282 
0.033623 
0.033413 
0.033875 
0.033571 
0.032636 
0.033695 
0.033918 
0.033868 
0.032799 
0.033374 
0.032743 
0.032899 
0.033636 
0.033271 
0.033062 
0.033541 
0.032754 
0.033307 
0.033555 
0.033280 
0.033104 
0.032652 
0.033442 
0.032711 
0.033617 
