149.000000 
149.000000 
212.000000 
212.000000 
212.000000 
212.000000 
212.000000 
212.000000 
212.000000 
212.000000 
275.000000 
275.000000 
275.000000 
275.000000 
275.000000 
275.000000 
275.000000 
275.000000 
275.000000 
275.000000 
339.000000 
407.000000 
407.000000 
407.000000 
407.000000 
407.000000 
407.000000 
407.000000 
471.000000 
471.000000 
542.000000 
608.000000 
608.000000 
608.000000 
679.000000 
679.000000 
679.000000 
679.000000 
747.000000 
747.000000 
747.000000 
820.000000 
820.000000 
896.000000 
896.000000 
896.000000 
896.000000 
974.000000 
974.000000 
974.000000 
974.000000 
974.000000 
974.000000 
974.000000 
974.000000 
974.000000 
974.000000 
1044.000000 
1044.000000 
1044.000000 
1044.000000 
1117.000000 
1117.000000 
1117.000000 
1117.000000 
1117.000000 
1117.000000 
1117.000000 
1117.000000 
1117.000000 
1117.000000 
1117.000000 
1117.000000 
1195.000000 
1195.000000 
1195.000000 
1195.000000 
1195.000000 
1263.000000 
1263.000000 
1263.000000 
1263.000000 
1263.000000 
1263.000000 
1263.000000 
1263.000000 
1263.000000 
1263.000000 
1263.000000 
1421.000000 
1421.000000 
1421.000000 
1421.000000 
1421.000000 
1421.000000 
1421.000000 
1421.000000 
1421.000000 
1421.000000 
1495.000000 
