27.260000 
48.820000 
75.010002 
83.379997 
86.570000 
89.220001 
90.870003 
91.570000 
92.230003 
92.650002 
93.370003 
93.620003 
94.089996 
94.230003 
94.459999 
94.629997 
94.900002 
95.019997 
95.089996 
95.220001 
95.339996 
95.529999 
95.639999 
95.610001 
95.699997 
95.900002 
95.720001 
96.089996 
96.120003 
96.260002 
96.220001 
96.239998 
96.330002 
96.519997 
96.500000 
96.639999 
96.650002 
96.769997 
96.680000 
96.720001 
96.800003 
96.790001 
96.849998 
96.839996 
96.940002 
96.940002 
96.980003 
96.980003 
97.010002 
97.070000 
97.209999 
97.199997 
97.209999 
97.120003 
97.160004 
97.250000 
97.209999 
97.220001 
97.269997 
97.290001 
97.389999 
97.419998 
97.400002 
97.400002 
97.400002 
97.379997 
97.430000 
97.480003 
97.419998 
97.510002 
97.489998 
97.440002 
97.449997 
97.540001 
97.519997 
97.610001 
97.550003 
97.570000 
97.629997 
97.639999 
97.680000 
97.599998 
97.629997 
97.720001 
97.620003 
97.660004 
97.629997 
97.699997 
97.709999 
97.750000 
97.750000 
97.800003 
97.879997 
97.760002 
97.879997 
97.769997 
97.830002 
97.949997 
97.889999 
97.800003 
