83.199997 
90.279999 
92.260002 
93.300003 
94.209999 
94.900002 
95.260002 
95.550003 
95.790001 
96.010002 
96.209999 
96.389999 
96.570000 
96.580002 
96.809998 
96.830002 
96.889999 
97.000000 
97.120003 
97.169998 
97.279999 
97.320000 
97.379997 
97.360001 
97.430000 
97.449997 
97.489998 
97.480003 
97.580002 
97.599998 
97.599998 
97.639999 
97.680000 
97.660004 
97.720001 
97.690002 
97.830002 
97.870003 
97.879997 
97.870003 
97.879997 
97.959999 
97.959999 
97.970001 
98.010002 
98.040001 
97.989998 
98.070000 
97.989998 
98.080002 
98.089996 
98.029999 
98.059998 
98.129997 
98.129997 
98.180000 
98.199997 
98.139999 
98.230003 
98.209999 
98.230003 
98.230003 
98.250000 
98.239998 
98.260002 
98.260002 
98.290001 
98.320000 
98.309998 
98.330002 
98.330002 
98.300003 
98.339996 
98.349998 
98.339996 
98.320000 
98.360001 
98.330002 
98.370003 
98.379997 
98.269997 
98.379997 
98.370003 
98.330002 
98.290001 
98.400002 
98.349998 
98.279999 
98.360001 
98.339996 
98.330002 
98.379997 
98.360001 
98.400002 
98.360001 
98.430000 
98.419998 
98.410004 
98.410004 
98.430000 
98.400002 
98.449997 
98.440002 
98.410004 
98.400002 
98.470001 
98.480003 
98.449997 
98.410004 
98.430000 
98.440002 
98.419998 
98.440002 
98.489998 
98.400002 
98.459999 
98.489998 
98.510002 
98.470001 
98.470001 
98.480003 
98.489998 
98.480003 
98.500000 
98.559998 
98.510002 
98.500000 
98.500000 
98.519997 
98.550003 
98.550003 
98.559998 
98.580002 
98.540001 
98.529999 
98.489998 
98.570000 
98.470001 
98.519997 
98.550003 
98.550003 
98.589996 
98.580002 
98.589996 
98.620003 
98.610001 
98.529999 
98.599998 
98.610001 
98.510002 
98.519997 
98.559998 
98.599998 
98.540001 
98.559998 
98.599998 
98.599998 
98.580002 
98.570000 
98.629997 
98.589996 
98.650002 
98.589996 
98.629997 
98.559998 
98.610001 
98.599998 
98.559998 
98.589996 
98.570000 
98.629997 
98.629997 
98.680000 
98.639999 
98.680000 
98.639999 
98.599998 
98.650002 
98.650002 
98.650002 
98.610001 
98.629997 
98.650002 
98.629997 
98.639999 
98.660004 
98.739998 
98.680000 
98.690002 
98.660004 
98.610001 
98.620003 
98.599998 
98.650002 
98.650002 
98.639999 
98.629997 
98.699997 
98.669998 
98.680000 
98.720001 
98.720001 
98.669998 
98.669998 
98.660004 
98.680000 
98.639999 
98.580002 
98.639999 
98.610001 
98.720001 
98.669998 
98.699997 
98.699997 
98.690002 
98.610001 
98.650002 
98.699997 
98.650002 
98.699997 
98.669998 
98.669998 
98.669998 
98.669998 
98.680000 
98.680000 
98.680000 
98.639999 
98.709999 
98.720001 
98.660004 
98.660004 
98.680000 
98.699997 
98.639999 
98.720001 
98.690002 
98.699997 
98.709999 
98.709999 
98.669998 
98.720001 
98.699997 
98.669998 
98.669998 
98.709999 
98.650002 
98.669998 
98.650002 
98.650002 
98.660004 
98.730003 
98.699997 
98.720001 
98.699997 
98.730003 
98.699997 
98.680000 
98.750000 
98.650002 
98.709999 
98.739998 
98.720001 
98.709999 
98.760002 
98.769997 
98.750000 
98.680000 
98.709999 
98.720001 
98.720001 
98.739998 
98.730003 
98.760002 
98.790001 
98.750000 
98.750000 
98.750000 
98.760002 
98.760002 
98.769997 
98.739998 
98.730003 
98.779999 
98.790001 
98.760002 
98.750000 
98.730003 
98.739998 
98.760002 
98.760002 
98.760002 
98.750000 
98.730003 
98.709999 
98.709999 
98.739998 
98.779999 
98.739998 
98.720001 
98.760002 
98.709999 
98.730003 
98.690002 
98.690002 
98.699997 
98.690002 
98.699997 
98.669998 
98.690002 
98.709999 
98.680000 
98.669998 
98.680000 
98.660004 
98.680000 
98.669998 
98.699997 
98.720001 
98.720001 
98.669998 
98.690002 
98.690002 
98.709999 
98.730003 
98.690002 
98.680000 
98.690002 
98.699997 
98.720001 
98.730003 
98.739998 
98.750000 
98.739998 
98.750000 
98.760002 
98.769997 
98.750000 
98.760002 
98.739998 
98.739998 
98.730003 
98.739998 
98.730003 
98.779999 
98.739998 
98.699997 
98.730003 
98.709999 
98.769997 
98.680000 
98.760002 
98.769997 
98.760002 
98.760002 
98.750000 
98.730003 
98.750000 
98.790001 
98.730003 
98.720001 
98.800003 
98.720001 
98.760002 
98.739998 
98.699997 
98.730003 
98.699997 
98.699997 
98.739998 
98.760002 
98.730003 
98.739998 
98.779999 
98.750000 
98.760002 
98.760002 
98.790001 
98.699997 
98.699997 
98.750000 
98.769997 
98.739998 
98.699997 
98.730003 
98.699997 
98.730003 
98.720001 
98.739998 
98.739998 
98.760002 
98.790001 
98.760002 
98.690002 
98.760002 
98.739998 
98.790001 
98.760002 
98.760002 
98.790001 
98.779999 
98.760002 
98.720001 
98.769997 
98.779999 
98.750000 
98.739998 
98.690002 
98.739998 
98.720001 
98.739998 
98.720001 
98.699997 
98.699997 
98.730003 
98.739998 
98.709999 
98.699997 
98.699997 
98.750000 
98.739998 
98.739998 
98.769997 
98.730003 
98.680000 
98.739998 
98.750000 
98.730003 
98.779999 
98.760002 
98.800003 
98.760002 
98.760002 
98.760002 
98.750000 
98.790001 
98.779999 
98.730003 
98.739998 
98.769997 
98.709999 
98.790001 
98.750000 
98.690002 
98.709999 
98.730003 
98.760002 
98.669998 
98.709999 
98.769997 
98.769997 
98.739998 
98.769997 
98.699997 
98.750000 
98.720001 
98.769997 
98.779999 
98.709999 
98.709999 
98.730003 
98.720001 
98.699997 
98.750000 
98.760002 
98.730003 
98.750000 
98.739998 
98.739998 
98.790001 
98.779999 
98.800003 
98.769997 
98.779999 
98.750000 
98.760002 
98.779999 
98.800003 
98.720001 
98.779999 
98.680000 
98.720001 
98.750000 
98.730003 
98.739998 
98.769997 
98.769997 
98.809998 
98.760002 
98.769997 
98.690002 
98.790001 
98.760002 
98.809998 
98.760002 
98.790001 
98.739998 
98.779999 
98.739998 
98.699997 
98.720001 
98.709999 
98.739998 
98.730003 
98.779999 
98.739998 
98.709999 
98.730003 
98.769997 
98.730003 
98.750000 
98.779999 
98.760002 
98.760002 
98.809998 
98.739998 
98.739998 
98.809998 
98.750000 
98.820000 
98.750000 
98.720001 
98.730003 
98.709999 
98.760002 
98.779999 
98.739998 
98.750000 
98.730003 
98.750000 
98.750000 
98.720001 
98.739998 
98.750000 
98.690002 
98.760002 
98.750000 
98.750000 
98.739998 
98.699997 
98.730003 
98.769997 
98.790001 
98.750000 
98.739998 
98.750000 
98.790001 
98.739998 
98.720001 
98.769997 
98.760002 
98.769997 
98.750000 
98.730003 
98.769997 
98.730003 
98.779999 
98.750000 
98.800003 
98.750000 
98.760002 
98.769997 
98.739998 
98.739998 
98.760002 
98.699997 
98.760002 
98.760002 
98.739998 
98.760002 
98.769997 
98.800003 
98.800003 
98.720001 
98.790001 
98.760002 
98.760002 
98.769997 
98.730003 
98.760002 
98.769997 
98.739998 
98.730003 
98.750000 
98.739998 
98.779999 
98.769997 
98.809998 
98.760002 
98.760002 
98.739998 
98.739998 
98.750000 
98.739998 
98.739998 
98.769997 
98.760002 
98.769997 
98.769997 
98.750000 
98.809998 
98.769997 
98.779999 
98.769997 
98.779999 
98.750000 
98.820000 
98.750000 
98.790001 
98.769997 
98.720001 
98.739998 
98.709999 
98.739998 
98.750000 
98.720001 
98.730003 
98.739998 
98.680000 
98.760002 
98.779999 
98.800003 
98.769997 
98.820000 
98.779999 
98.769997 
98.779999 
98.809998 
98.809998 
98.800003 
98.820000 
98.820000 
98.790001 
98.809998 
98.830002 
98.739998 
98.790001 
98.739998 
98.760002 
98.730003 
98.709999 
98.739998 
98.739998 
98.739998 
98.820000 
98.760002 
98.830002 
98.790001 
98.790001 
98.790001 
98.820000 
98.800003 
98.779999 
98.779999 
98.820000 
98.750000 
98.769997 
98.809998 
98.800003 
98.779999 
98.779999 
98.790001 
98.720001 
98.760002 
98.769997 
98.730003 
98.750000 
98.720001 
98.750000 
98.699997 
98.760002 
98.790001 
98.760002 
98.739998 
98.739998 
98.750000 
98.730003 
98.720001 
98.720001 
98.699997 
98.720001 
98.730003 
98.750000 
98.760002 
98.760002 
98.730003 
98.750000 
98.790001 
98.750000 
98.769997 
98.739998 
98.709999 
98.779999 
98.790001 
98.760002 
98.769997 
98.769997 
98.779999 
98.779999 
98.760002 
98.800003 
98.790001 
98.709999 
98.739998 
98.750000 
98.750000 
98.739998 
98.730003 
98.720001 
98.779999 
98.790001 
98.760002 
98.760002 
98.760002 
98.779999 
98.739998 
98.739998 
98.779999 
98.709999 
98.739998 
98.730003 
98.750000 
98.769997 
98.769997 
98.750000 
98.809998 
98.760002 
98.739998 
98.760002 
98.760002 
98.790001 
98.769997 
98.760002 
98.830002 
98.750000 
98.790001 
98.790001 
98.800003 
98.790001 
98.779999 
98.769997 
98.779999 
98.760002 
98.750000 
98.760002 
98.739998 
98.690002 
98.730003 
98.730003 
98.739998 
98.800003 
98.769997 
98.750000 
98.739998 
98.760002 
98.790001 
98.760002 
98.739998 
98.709999 
98.709999 
98.760002 
98.709999 
98.730003 
98.809998 
98.769997 
98.739998 
98.769997 
98.790001 
98.760002 
98.709999 
98.730003 
98.779999 
98.809998 
98.730003 
98.730003 
98.720001 
98.720001 
98.769997 
98.739998 
98.769997 
98.760002 
98.730003 
98.720001 
98.690002 
98.779999 
98.779999 
98.779999 
98.760002 
98.790001 
98.800003 
98.790001 
98.779999 
98.809998 
98.779999 
98.739998 
98.779999 
98.809998 
98.760002 
98.750000 
98.739998 
98.750000 
98.779999 
98.830002 
98.739998 
98.779999 
98.739998 
98.699997 
98.760002 
98.750000 
98.779999 
98.760002 
98.730003 
98.790001 
98.760002 
98.739998 
98.779999 
98.739998 
98.790001 
98.779999 
98.790001 
98.750000 
98.750000 
98.739998 
98.769997 
98.760002 
98.750000 
98.750000 
98.790001 
98.750000 
98.739998 
98.790001 
98.730003 
98.730003 
98.750000 
98.750000 
98.720001 
98.739998 
98.739998 
98.730003 
98.760002 
98.760002 
98.769997 
98.760002 
98.720001 
98.769997 
98.699997 
98.720001 
98.779999 
98.699997 
98.699997 
98.730003 
98.730003 
98.720001 
98.730003 
98.730003 
98.730003 
98.709999 
98.690002 
98.720001 
98.720001 
98.709999 
98.709999 
98.739998 
98.720001 
98.739998 
98.790001 
98.769997 
98.820000 
98.779999 
98.839996 
98.809998 
98.809998 
98.790001 
98.760002 
98.790001 
98.760002 
98.730003 
98.750000 
98.750000 
98.669998 
98.739998 
98.760002 
98.739998 
98.709999 
98.779999 
98.730003 
98.760002 
98.750000 
98.769997 
98.760002 
98.760002 
98.709999 
98.739998 
98.769997 
98.769997 
98.739998 
98.750000 
98.739998 
98.769997 
98.760002 
98.699997 
98.769997 
98.720001 
98.779999 
98.820000 
98.769997 
98.730003 
98.760002 
98.750000 
98.760002 
98.779999 
98.760002 
98.709999 
98.730003 
98.760002 
98.800003 
98.739998 
98.680000 
98.739998 
98.730003 
98.730003 
98.779999 
98.790001 
98.769997 
98.779999 
98.750000 
98.730003 
98.769997 
98.699997 
98.690002 
98.760002 
98.730003 
98.699997 
98.760002 
98.769997 
98.730003 
98.779999 
98.790001 
98.779999 
98.750000 
98.730003 
98.730003 
98.769997 
98.739998 
98.769997 
98.779999 
98.779999 
98.760002 
98.800003 
98.760002 
98.760002 
98.769997 
98.739998 
98.750000 
98.730003 
98.779999 
98.750000 
98.779999 
98.699997 
98.769997 
98.750000 
98.739998 
98.790001 
98.750000 
98.769997 
98.760002 
98.739998 
98.779999 
98.750000 
98.800003 
98.790001 
98.750000 
98.699997 
98.699997 
98.699997 
98.739998 
98.790001 
98.820000 
98.730003 
98.750000 
98.760002 
98.779999 
98.720001 
98.750000 
98.739998 
98.760002 
98.750000 
98.769997 
98.720001 
98.769997 
98.750000 
98.699997 
98.739998 
98.720001 
98.750000 
98.750000 
98.730003 
98.739998 
98.750000 
98.790001 
