508.000000 
508.000000 
571.000000 
648.000000 
716.000000 
716.000000 
716.000000 
716.000000 
716.000000 
716.000000 
850.000000 
850.000000 
850.000000 
1044.000000 
1044.000000 
1105.000000 
1166.000000 
1166.000000 
1166.000000 
1319.000000 
1457.000000 
1525.000000 
1525.000000 
1823.000000 
1954.000000 
1954.000000 
2028.000000 
2028.000000 
2092.000000 
2168.000000 
2302.000000 
2434.000000 
2434.000000 
2507.000000 
2578.000000 
2578.000000 
2646.000000 
2726.000000 
2856.000000 
2856.000000 
2997.000000 
3212.000000 
3291.000000 
3367.000000 
3505.000000 
3574.000000 
3791.000000 
3869.000000 
3869.000000 
3943.000000 
4086.000000 
4296.000000 
4296.000000 
4296.000000 
4442.000000 
4592.000000 
4666.000000 
4939.000000 
4939.000000 
4939.000000 
5002.000000 
5075.000000 
5075.000000 
5075.000000 
5075.000000 
5136.000000 
5136.000000 
5266.000000 
5342.000000 
5420.000000 
5480.000000 
5623.000000 
5623.000000 
5761.000000 
5839.000000 
5902.000000 
5975.000000 
5975.000000 
6043.000000 
6191.000000 
6322.000000 
6387.000000 
6387.000000 
6387.000000 
6387.000000 
6465.000000 
6465.000000 
6544.000000 
6687.000000 
6845.000000 
6845.000000 
6916.000000 
6916.000000 
7117.000000 
7265.000000 
7265.000000 
7475.000000 
7686.000000 
7686.000000 
7896.000000 
