60.000000 
60.000000 
60.000000 
60.000000 
60.000000 
60.000000 
60.000000 
122.000000 
122.000000 
122.000000 
182.000000 
182.000000 
243.000000 
243.000000 
243.000000 
243.000000 
243.000000 
243.000000 
243.000000 
243.000000 
243.000000 
243.000000 
243.000000 
243.000000 
243.000000 
243.000000 
243.000000 
243.000000 
305.000000 
305.000000 
305.000000 
305.000000 
305.000000 
305.000000 
305.000000 
305.000000 
305.000000 
305.000000 
368.000000 
430.000000 
552.000000 
552.000000 
552.000000 
552.000000 
552.000000 
552.000000 
552.000000 
552.000000 
552.000000 
552.000000 
552.000000 
552.000000 
552.000000 
552.000000 
552.000000 
552.000000 
552.000000 
612.000000 
612.000000 
612.000000 
612.000000 
612.000000 
612.000000 
612.000000 
612.000000 
612.000000 
612.000000 
612.000000 
612.000000 
612.000000 
612.000000 
612.000000 
612.000000 
612.000000 
676.000000 
676.000000 
676.000000 
676.000000 
676.000000 
676.000000 
676.000000 
676.000000 
676.000000 
676.000000 
676.000000 
738.000000 
738.000000 
738.000000 
802.000000 
863.000000 
863.000000 
863.000000 
863.000000 
863.000000 
863.000000 
863.000000 
863.000000 
926.000000 
926.000000 
926.000000 
926.000000 
926.000000 
926.000000 
926.000000 
986.000000 
986.000000 
986.000000 
986.000000 
986.000000 
986.000000 
986.000000 
986.000000 
986.000000 
986.000000 
986.000000 
986.000000 
1107.000000 
1107.000000 
1107.000000 
1107.000000 
1107.000000 
1107.000000 
1107.000000 
1107.000000 
1169.000000 
1169.000000 
1169.000000 
1169.000000 
1169.000000 
1169.000000 
1169.000000 
1169.000000 
1169.000000 
1230.000000 
1230.000000 
1230.000000 
1230.000000 
1230.000000 
1230.000000 
1230.000000 
1230.000000 
1230.000000 
1230.000000 
1293.000000 
1293.000000 
1353.000000 
1353.000000 
1353.000000 
1353.000000 
1353.000000 
1353.000000 
1353.000000 
1353.000000 
1414.000000 
1414.000000 
1414.000000 
1414.000000 
1414.000000 
1474.000000 
1595.000000 
1595.000000 
1657.000000 
1657.000000 
1657.000000 
1657.000000 
1657.000000 
1657.000000 
1657.000000 
1718.000000 
1718.000000 
1778.000000 
1778.000000 
1778.000000 
1778.000000 
1778.000000 
1778.000000 
1778.000000 
1778.000000 
1778.000000 
1778.000000 
1778.000000 
1840.000000 
1840.000000 
1840.000000 
1840.000000 
1840.000000 
1840.000000 
1840.000000 
1840.000000 
1840.000000 
1965.000000 
2026.000000 
2026.000000 
2026.000000 
2086.000000 
2086.000000 
2086.000000 
2086.000000 
2208.000000 
2208.000000 
2208.000000 
2208.000000 
2208.000000 
2208.000000 
2208.000000 
2270.000000 
2270.000000 
2270.000000 
2270.000000 
2270.000000 
2270.000000 
2270.000000 
2270.000000 
2270.000000 
2270.000000 
2270.000000 
2270.000000 
2270.000000 
2270.000000 
2270.000000 
2270.000000 
2270.000000 
2270.000000 
2270.000000 
2270.000000 
2270.000000 
2270.000000 
2332.000000 
2332.000000 
2332.000000 
2332.000000 
2332.000000 
2332.000000 
2332.000000 
2332.000000 
2392.000000 
2392.000000 
2392.000000 
2392.000000 
2392.000000 
2392.000000 
2392.000000 
2392.000000 
2392.000000 
2392.000000 
2392.000000 
2392.000000 
2392.000000 
2392.000000 
2392.000000 
2452.000000 
2452.000000 
2452.000000 
2452.000000 
2452.000000 
2452.000000 
2452.000000 
2452.000000 
2452.000000 
2452.000000 
2452.000000 
2452.000000 
2452.000000 
2514.000000 
2514.000000 
2576.000000 
2576.000000 
2576.000000 
2576.000000 
2576.000000 
2576.000000 
2576.000000 
2698.000000 
2758.000000 
2758.000000 
2758.000000 
2758.000000 
2758.000000 
2758.000000 
2758.000000 
2758.000000 
2758.000000 
2758.000000 
2758.000000 
2758.000000 
2758.000000 
2818.000000 
2818.000000 
2818.000000 
2878.000000 
2878.000000 
2878.000000 
2939.000000 
2939.000000 
2939.000000 
2939.000000 
2939.000000 
2939.000000 
3003.000000 
3003.000000 
3003.000000 
3003.000000 
3003.000000 
3003.000000 
3003.000000 
3003.000000 
3003.000000 
3003.000000 
3126.000000 
3126.000000 
3126.000000 
3126.000000 
3126.000000 
3126.000000 
3126.000000 
3126.000000 
3189.000000 
3189.000000 
3250.000000 
3250.000000 
3250.000000 
3250.000000 
3250.000000 
3250.000000 
3374.000000 
3374.000000 
3374.000000 
3374.000000 
3374.000000 
3374.000000 
3374.000000 
3498.000000 
3558.000000 
3558.000000 
3558.000000 
3558.000000 
3620.000000 
3620.000000 
3620.000000 
3620.000000 
3620.000000 
3620.000000 
3620.000000 
3620.000000 
3741.000000 
3741.000000 
3741.000000 
3741.000000 
3741.000000 
3741.000000 
3741.000000 
3801.000000 
3862.000000 
3923.000000 
3986.000000 
3986.000000 
3986.000000 
3986.000000 
3986.000000 
4048.000000 
4112.000000 
4112.000000 
4173.000000 
4173.000000 
4173.000000 
4173.000000 
4173.000000 
4173.000000 
4233.000000 
4233.000000 
4233.000000 
4233.000000 
4233.000000 
4233.000000 
4233.000000 
4233.000000 
4295.000000 
4295.000000 
4295.000000 
4295.000000 
4295.000000 
4295.000000 
4295.000000 
4295.000000 
4355.000000 
4418.000000 
4418.000000 
4418.000000 
4418.000000 
4418.000000 
4418.000000 
4418.000000 
4418.000000 
4418.000000 
4418.000000 
4418.000000 
4418.000000 
4418.000000 
4418.000000 
4540.000000 
4540.000000 
4540.000000 
4604.000000 
4604.000000 
4604.000000 
4604.000000 
4604.000000 
4604.000000 
4604.000000 
4604.000000 
4604.000000 
4604.000000 
4604.000000 
4667.000000 
4667.000000 
4667.000000 
4667.000000 
4667.000000 
4667.000000 
4667.000000 
4667.000000 
4667.000000 
4667.000000 
4667.000000 
4667.000000 
4728.000000 
4728.000000 
4791.000000 
4791.000000 
4791.000000 
4791.000000 
4791.000000 
4791.000000 
4791.000000 
4791.000000 
4791.000000 
4791.000000 
4852.000000 
4852.000000 
4978.000000 
4978.000000 
4978.000000 
5103.000000 
5103.000000 
5164.000000 
5164.000000 
5164.000000 
5164.000000 
5164.000000 
5224.000000 
5224.000000 
5224.000000 
5224.000000 
5224.000000 
5285.000000 
5285.000000 
5285.000000 
5285.000000 
5348.000000 
5408.000000 
5408.000000 
5408.000000 
5408.000000 
5408.000000 
5408.000000 
5470.000000 
5470.000000 
5470.000000 
5470.000000 
5470.000000 
5470.000000 
5531.000000 
5531.000000 
5531.000000 
5531.000000 
5531.000000 
5591.000000 
5591.000000 
5591.000000 
5591.000000 
5591.000000 
5591.000000 
5591.000000 
5591.000000 
5591.000000 
5591.000000 
5652.000000 
5652.000000 
5652.000000 
5652.000000 
5652.000000 
5652.000000 
5652.000000 
5652.000000 
5652.000000 
5652.000000 
5652.000000 
5652.000000 
5652.000000 
5652.000000 
5652.000000 
5652.000000 
5652.000000 
5652.000000 
5714.000000 
5714.000000 
5714.000000 
5714.000000 
5714.000000 
5774.000000 
5774.000000 
5774.000000 
5774.000000 
5774.000000 
5774.000000 
5774.000000 
5774.000000 
5774.000000 
5774.000000 
5834.000000 
5894.000000 
5894.000000 
5894.000000 
5894.000000 
5894.000000 
6020.000000 
6020.000000 
6020.000000 
6020.000000 
6082.000000 
6082.000000 
6082.000000 
6142.000000 
6142.000000 
6142.000000 
6142.000000 
6142.000000 
6142.000000 
6142.000000 
6142.000000 
6142.000000 
6204.000000 
6204.000000 
6204.000000 
6204.000000 
6204.000000 
6204.000000 
6204.000000 
6204.000000 
6204.000000 
6204.000000 
6204.000000 
6204.000000 
6265.000000 
6265.000000 
6265.000000 
6265.000000 
6265.000000 
6265.000000 
6265.000000 
6265.000000 
6265.000000 
6265.000000 
6265.000000 
6265.000000 
6328.000000 
6328.000000 
6328.000000 
6328.000000 
6328.000000 
6328.000000 
6328.000000 
6328.000000 
6328.000000 
6388.000000 
6388.000000 
6388.000000 
6388.000000 
6388.000000 
6388.000000 
6450.000000 
6450.000000 
6450.000000 
6450.000000 
6450.000000 
6450.000000 
6511.000000 
6511.000000 
6511.000000 
6511.000000 
6511.000000 
6511.000000 
6511.000000 
6511.000000 
6511.000000 
6511.000000 
6511.000000 
6511.000000 
6511.000000 
6511.000000 
6511.000000 
6511.000000 
6634.000000 
6634.000000 
6634.000000 
6634.000000 
6634.000000 
6634.000000 
6634.000000 
6634.000000 
6756.000000 
6756.000000 
6817.000000 
6877.000000 
6877.000000 
6941.000000 
6941.000000 
6941.000000 
6941.000000 
6941.000000 
6941.000000 
6941.000000 
6941.000000 
6941.000000 
6941.000000 
6941.000000 
6941.000000 
7005.000000 
7005.000000 
7005.000000 
7005.000000 
7005.000000 
7065.000000 
7065.000000 
7065.000000 
7065.000000 
7065.000000 
7065.000000 
7126.000000 
7186.000000 
7186.000000 
7186.000000 
7186.000000 
7186.000000 
7246.000000 
7246.000000 
7246.000000 
7308.000000 
7308.000000 
7308.000000 
7368.000000 
7368.000000 
7368.000000 
7368.000000 
7368.000000 
7368.000000 
7429.000000 
7429.000000 
7491.000000 
7491.000000 
7491.000000 
7554.000000 
7554.000000 
7616.000000 
7616.000000 
7737.000000 
7737.000000 
7737.000000 
7737.000000 
7737.000000 
7737.000000 
7798.000000 
7798.000000 
7798.000000 
7798.000000 
7798.000000 
7798.000000 
7798.000000 
7798.000000 
7798.000000 
7798.000000 
7798.000000 
7798.000000 
7798.000000 
7798.000000 
7798.000000 
7798.000000 
7858.000000 
7858.000000 
7858.000000 
7858.000000 
7920.000000 
7920.000000 
7920.000000 
7982.000000 
7982.000000 
7982.000000 
8043.000000 
8043.000000 
8043.000000 
8043.000000 
8043.000000 
8043.000000 
8043.000000 
8043.000000 
8043.000000 
8043.000000 
8106.000000 
8106.000000 
8106.000000 
8106.000000 
8106.000000 
8167.000000 
8167.000000 
8167.000000 
8167.000000 
8167.000000 
8167.000000 
8167.000000 
8167.000000 
8167.000000 
8167.000000 
8167.000000 
8167.000000 
8167.000000 
8167.000000 
8167.000000 
8167.000000 
8229.000000 
8291.000000 
8291.000000 
8291.000000 
8291.000000 
8291.000000 
8291.000000 
8291.000000 
8291.000000 
8291.000000 
8291.000000 
8291.000000 
8355.000000 
8478.000000 
8478.000000 
8478.000000 
8478.000000 
8542.000000 
8542.000000 
8602.000000 
8602.000000 
8602.000000 
8602.000000 
8666.000000 
8728.000000 
8790.000000 
8790.000000 
8790.000000 
8790.000000 
8790.000000 
8790.000000 
8790.000000 
8790.000000 
8852.000000 
8852.000000 
8852.000000 
8852.000000 
8852.000000 
8912.000000 
8912.000000 
8912.000000 
8912.000000 
8912.000000 
8912.000000 
8912.000000 
8972.000000 
8972.000000 
8972.000000 
9034.000000 
9034.000000 
9034.000000 
9034.000000 
9034.000000 
9096.000000 
9157.000000 
9157.000000 
9157.000000 
9157.000000 
9157.000000 
9157.000000 
9157.000000 
9157.000000 
9157.000000 
9157.000000 
9157.000000 
9157.000000 
9157.000000 
9157.000000 
9157.000000 
9157.000000 
9157.000000 
9157.000000 
9157.000000 
9218.000000 
9218.000000 
9218.000000 
9218.000000 
9278.000000 
9340.000000 
9340.000000 
9340.000000 
9400.000000 
9400.000000 
9400.000000 
9400.000000 
9400.000000 
9400.000000 
9460.000000 
9460.000000 
9521.000000 
9521.000000 
9521.000000 
9521.000000 
9521.000000 
9521.000000 
9583.000000 
9647.000000 
9647.000000 
9647.000000 
9647.000000 
9647.000000 
9710.000000 
9710.000000 
9710.000000 
9710.000000 
9710.000000 
9710.000000 
9772.000000 
9836.000000 
9836.000000 
9900.000000 
9900.000000 
9900.000000 
9900.000000 
9960.000000 
10087.000000 
10087.000000 
10150.000000 
10150.000000 
10150.000000 
10150.000000 
10150.000000 
10211.000000 
10211.000000 
10211.000000 
10211.000000 
10211.000000 
10274.000000 
10274.000000 
10274.000000 
10335.000000 
10335.000000 
10335.000000 
10335.000000 
10335.000000 
10335.000000 
10335.000000 
10335.000000 
10335.000000 
10335.000000 
10335.000000 
10335.000000 
10335.000000 
10335.000000 
10335.000000 
10335.000000 
10335.000000 
10335.000000 
10335.000000 
10335.000000 
10335.000000 
10335.000000 
10335.000000 
10396.000000 
10458.000000 
10458.000000 
10458.000000 
10458.000000 
10458.000000 
10458.000000 
10458.000000 
10458.000000 
10458.000000 
10458.000000 
10458.000000 
10458.000000 
10458.000000 
10458.000000 
10458.000000 
10458.000000 
10458.000000 
10519.000000 
10519.000000 
10519.000000 
10519.000000 
10519.000000 
10519.000000 
10519.000000 
10519.000000 
10519.000000 
10580.000000 
10580.000000 
10641.000000 
10641.000000 
10641.000000 
10641.000000 
10641.000000 
10641.000000 
10641.000000 
10704.000000 
10704.000000 
10704.000000 
10704.000000 
10704.000000 
10765.000000 
10765.000000 
10765.000000 
10828.000000 
10828.000000 
10828.000000 
10828.000000 
10890.000000 
10890.000000 
10890.000000 
10890.000000 
10890.000000 
10890.000000 
10952.000000 
10952.000000 
10952.000000 
10952.000000 
10952.000000 
11014.000000 
11014.000000 
11014.000000 
11014.000000 
11075.000000 
11075.000000 
11075.000000 
11075.000000 
11075.000000 
11075.000000 
11075.000000 
11075.000000 
11075.000000 
11075.000000 
11075.000000 
11075.000000 
11075.000000 
11075.000000 
11075.000000 
11075.000000 
11075.000000 
11137.000000 
11137.000000 
11137.000000 
11137.000000 
11137.000000 
11199.000000 
11199.000000 
11199.000000 
11199.000000 
11199.000000 
11199.000000 
11199.000000 
11199.000000 
11199.000000 
11260.000000 
11260.000000 
11260.000000 
11260.000000 
11260.000000 
11382.000000 
11382.000000 
11382.000000 
11443.000000 
11443.000000 
11443.000000 
11443.000000 
11443.000000 
11443.000000 
11443.000000 
11507.000000 
11507.000000 
11507.000000 
11569.000000 
11569.000000 
11630.000000 
11630.000000 
11630.000000 
11630.000000 
11630.000000 
