2.239645 
2.006942 
1.360125 
0.819212 
0.588486 
0.466230 
0.383380 
0.341325 
0.303713 
0.273045 
0.250719 
0.229763 
0.212875 
0.203322 
0.192687 
0.183465 
0.174206 
0.167468 
0.159241 
0.156865 
0.149727 
0.147151 
0.144015 
0.138924 
0.134810 
0.131108 
0.129046 
0.125847 
0.121663 
0.119129 
0.118585 
0.117788 
0.115190 
0.111820 
0.111186 
0.108001 
0.106905 
0.104616 
0.104118 
0.103826 
0.102346 
0.099420 
0.098989 
0.098140 
0.096600 
0.095315 
0.095632 
0.094455 
0.091714 
0.091792 
0.090437 
0.088954 
0.089412 
0.090210 
0.087430 
0.086685 
0.086122 
0.085739 
0.084318 
0.084252 
0.083625 
0.082556 
0.082497 
0.081599 
0.080112 
0.081530 
0.080992 
0.079018 
0.079564 
0.078809 
0.078923 
0.077034 
0.076410 
0.076851 
0.074581 
0.074300 
0.076920 
0.073835 
0.073922 
0.073083 
0.073107 
0.073170 
0.073198 
0.073202 
0.073455 
0.073596 
0.071826 
0.071197 
0.071365 
0.071217 
0.070874 
0.070307 
0.070050 
0.069494 
0.067673 
0.067963 
0.069808 
0.067579 
0.068048 
0.067461 
