0.782015 
0.368278 
0.270617 
0.224139 
0.191540 
0.170230 
0.155025 
0.144832 
0.136413 
0.128426 
0.122127 
0.117111 
0.112641 
0.108498 
0.105783 
0.102511 
0.100075 
0.097879 
0.095032 
0.094095 
0.091110 
0.089760 
0.089457 
0.086637 
0.086189 
0.084267 
0.082391 
0.081868 
0.080206 
0.079234 
0.078718 
0.076854 
0.077188 
0.076689 
0.075176 
0.075372 
0.073450 
0.073034 
0.072590 
0.071237 
0.070803 
0.068482 
0.069182 
0.068560 
0.067125 
0.067232 
0.067965 
0.066379 
0.065722 
0.064922 
0.065032 
0.065241 
0.064597 
0.063655 
0.062834 
0.062981 
0.062004 
0.063402 
0.061519 
0.061123 
0.061569 
0.061452 
0.061761 
0.061279 
0.061382 
0.060884 
0.060821 
0.059679 
0.060657 
0.060198 
0.059560 
0.060008 
0.059388 
0.059660 
0.058080 
0.058591 
0.059592 
0.058678 
0.058037 
0.058190 
0.057372 
0.057245 
0.057133 
0.058082 
0.058003 
0.057293 
0.056819 
0.057831 
0.056554 
0.056958 
0.056991 
0.055731 
0.056413 
0.056035 
0.055965 
0.054687 
0.056171 
0.055550 
0.055878 
0.055813 
0.055306 
0.055535 
0.054905 
0.055130 
0.054516 
0.053622 
0.053884 
0.054201 
0.053889 
0.053774 
0.053799 
0.054717 
0.054565 
0.053605 
0.054601 
0.053130 
0.053487 
0.052434 
0.052017 
0.053549 
0.052596 
0.052025 
0.052551 
0.052063 
0.051810 
0.051593 
0.051723 
0.052517 
0.053033 
0.052665 
0.051894 
0.052227 
0.051599 
0.051826 
0.052021 
0.051401 
0.052131 
0.052055 
0.052202 
0.052311 
0.051050 
0.051152 
0.050486 
0.051206 
0.050602 
0.050182 
0.050951 
0.050338 
0.050573 
0.050571 
0.051607 
0.050991 
0.051240 
0.051817 
0.050938 
0.051295 
0.050836 
0.051573 
0.051457 
0.050054 
0.049089 
0.048939 
0.049860 
0.050079 
0.049674 
0.049635 
0.049627 
0.050513 
0.049802 
0.050426 
0.049918 
0.050187 
0.049993 
0.049292 
0.050325 
0.049816 
0.049918 
0.050551 
0.050509 
0.049988 
0.050254 
0.050483 
0.049604 
0.049714 
0.049833 
0.050301 
0.049410 
0.050253 
0.050438 
0.049868 
0.049565 
0.049237 
0.049600 
0.049457 
0.049855 
0.049792 
0.048271 
0.049203 
0.048597 
0.047747 
0.048112 
0.048624 
0.049138 
0.048863 
0.048885 
0.048851 
0.049603 
0.049930 
0.049779 
0.048408 
0.048241 
0.048068 
0.049636 
0.048066 
0.048439 
0.049060 
0.048872 
0.049054 
0.048380 
0.048328 
0.049493 
0.049425 
0.049455 
0.049386 
0.049479 
0.049194 
0.049508 
0.049033 
0.049448 
0.048772 
0.048830 
0.049643 
0.048906 
0.048643 
0.048860 
0.048673 
0.049232 
0.049353 
0.048606 
0.049327 
0.048829 
0.049192 
0.048696 
0.050187 
0.050415 
0.050594 
0.049827 
0.049271 
0.050421 
0.050159 
0.050806 
0.050366 
0.049550 
0.049729 
0.049127 
0.048756 
0.049391 
0.049099 
0.049063 
0.049026 
0.049599 
0.049090 
0.049035 
0.049739 
0.048164 
0.049632 
0.049432 
0.050291 
0.049129 
0.048854 
0.049198 
0.048904 
0.049329 
0.048663 
0.048548 
0.048967 
0.047655 
0.047004 
0.047815 
0.048783 
0.049200 
0.049185 
0.048331 
0.049320 
0.048070 
0.050329 
0.050459 
0.049027 
0.049861 
0.049216 
0.049383 
0.049501 
0.048630 
0.049965 
0.049750 
0.049393 
0.049412 
0.050157 
0.050178 
0.049746 
0.049674 
0.050848 
0.050910 
0.051126 
0.050767 
0.050001 
0.051274 
0.051137 
0.051265 
0.050712 
0.050597 
0.050557 
0.050172 
0.049352 
0.051443 
0.051079 
0.051569 
0.050675 
0.050668 
0.050256 
0.049964 
0.049655 
0.050625 
0.050658 
0.050701 
0.050115 
0.050137 
0.050182 
0.049750 
0.050530 
0.050023 
0.049778 
0.049549 
0.048507 
0.048506 
0.049321 
0.049808 
0.049103 
0.049024 
0.049762 
0.050392 
0.049280 
0.050290 
0.050284 
0.048827 
0.048488 
0.049874 
0.050039 
0.050093 
0.049079 
0.048928 
0.049791 
0.049727 
0.049823 
0.048722 
0.047574 
0.047655 
0.048113 
0.048596 
0.048327 
0.049576 
0.049134 
0.050043 
0.049556 
0.049388 
0.049333 
0.049911 
0.049742 
0.049810 
0.049182 
0.049554 
0.049347 
0.049596 
0.049478 
0.049062 
0.049529 
0.050720 
0.050183 
0.049281 
0.049465 
0.049661 
0.048973 
0.049691 
0.049852 
0.049447 
0.050567 
0.049518 
0.049972 
0.049392 
0.050271 
0.049961 
0.049532 
0.049920 
0.049878 
0.049722 
0.049308 
0.050159 
0.050264 
0.049980 
0.049942 
0.049972 
0.049953 
0.049432 
0.049301 
0.049769 
0.050932 
0.050561 
0.049917 
0.050664 
0.050007 
0.049953 
0.049626 
0.049975 
0.050951 
0.051289 
0.050486 
0.051364 
0.050594 
0.050720 
0.050364 
0.050754 
0.050520 
0.050665 
0.051026 
0.050541 
0.051271 
0.050257 
0.051029 
0.051711 
0.051011 
0.050331 
0.050525 
0.050563 
0.050370 
0.050964 
0.051375 
0.051374 
0.051736 
0.050891 
0.050155 
0.049853 
0.050209 
0.050218 
0.049870 
0.049589 
0.049898 
0.049706 
0.050182 
0.050162 
0.050636 
0.051452 
0.050933 
0.050209 
0.050851 
0.050354 
0.050478 
0.050579 
0.050810 
0.051114 
0.051533 
0.050818 
0.051068 
0.051179 
0.050797 
0.050899 
0.050693 
0.049331 
0.049430 
0.050171 
0.050458 
0.050458 
0.051131 
0.050643 
0.050340 
0.050170 
0.050402 
0.051808 
0.050391 
0.050982 
0.050466 
0.050712 
0.052044 
0.051170 
0.050589 
0.050354 
0.050635 
0.050710 
0.050364 
0.051581 
0.051129 
0.051048 
0.050215 
0.051228 
0.050587 
0.051231 
0.051854 
0.051150 
0.051673 
0.052060 
0.050558 
0.052189 
0.052507 
0.051322 
0.052649 
0.050857 
0.051592 
0.051345 
0.050880 
0.050725 
0.051216 
0.050551 
0.049878 
0.050215 
0.050419 
0.050997 
0.050604 
0.050811 
0.051006 
0.051335 
0.051341 
0.051433 
0.051608 
0.050035 
0.050276 
0.050351 
0.050877 
0.049455 
0.049747 
0.049979 
0.050742 
0.050587 
0.050275 
0.051482 
0.050867 
0.050284 
0.050104 
0.050342 
0.051229 
0.050252 
0.051764 
0.051187 
0.051614 
0.050755 
0.050640 
0.050284 
0.050637 
0.050844 
0.050490 
0.050466 
0.051043 
0.050703 
0.050914 
0.050840 
0.051653 
0.051837 
0.051908 
0.051668 
0.051196 
0.050488 
0.051305 
0.052332 
0.051967 
0.051289 
0.051788 
0.051771 
0.052084 
0.050912 
0.051172 
0.051558 
0.051230 
0.051820 
0.050561 
0.050501 
0.051456 
0.052196 
0.052261 
0.051551 
0.051745 
0.052115 
0.051632 
0.051438 
0.051520 
0.051616 
0.052060 
0.051307 
0.051684 
0.051391 
0.050758 
0.051194 
0.050362 
0.051019 
0.051899 
0.051498 
0.052048 
0.052571 
0.052685 
0.051761 
0.051062 
0.051545 
0.051231 
0.051230 
0.050776 
0.051582 
0.052064 
0.052098 
0.051578 
0.051861 
0.050918 
0.050045 
0.050589 
0.050943 
0.050814 
0.050435 
0.049535 
0.049011 
0.050095 
0.049709 
0.050444 
0.052106 
0.050989 
0.049661 
0.048806 
0.049894 
0.050347 
0.049918 
0.050336 
0.050201 
0.050512 
0.051607 
0.051604 
0.051139 
0.051192 
0.051046 
0.050180 
0.051611 
0.051277 
0.051725 
0.051067 
0.052364 
0.052644 
0.051464 
0.052739 
0.051672 
0.052258 
0.051164 
0.051494 
0.052540 
0.052486 
0.052015 
0.051580 
0.051406 
0.050976 
0.051159 
0.050519 
0.050596 
0.051613 
0.051474 
0.052725 
0.051042 
0.051510 
0.051844 
0.051976 
0.051653 
0.051720 
0.050416 
0.051216 
0.051123 
0.050640 
0.050440 
0.050907 
0.051313 
0.051287 
0.051599 
0.052065 
0.052248 
0.051103 
0.051689 
0.051981 
0.051838 
0.052360 
0.051249 
0.051488 
0.051509 
0.050966 
0.051033 
0.051969 
0.051839 
0.051819 
0.051409 
0.051429 
0.053061 
0.052732 
0.051430 
0.051269 
0.051950 
0.051664 
0.051816 
0.052202 
0.051575 
0.051667 
0.051696 
0.050946 
0.051434 
0.051900 
0.051348 
0.051685 
0.051329 
0.051745 
0.052793 
0.052911 
0.052537 
0.053073 
0.054419 
0.053162 
0.052022 
0.051745 
0.052085 
0.052656 
0.052320 
0.052841 
0.052312 
0.051468 
0.051732 
0.051385 
0.052545 
0.051971 
0.052760 
0.051567 
0.051438 
0.052129 
0.051088 
0.051820 
0.051743 
0.051748 
0.052026 
0.051016 
0.051184 
0.051079 
0.051138 
0.051844 
0.053194 
0.052012 
0.051713 
0.052293 
0.051737 
0.052799 
0.051625 
0.051768 
0.051227 
0.051349 
0.051665 
0.051938 
0.052303 
0.052029 
0.051782 
0.051272 
0.051696 
0.052804 
0.052398 
0.052126 
0.052544 
0.052203 
0.052547 
0.051838 
0.052281 
0.051923 
0.052158 
0.052591 
0.052487 
0.053092 
0.053058 
0.053237 
0.052435 
0.052949 
0.053325 
0.052607 
0.052280 
0.051749 
0.052656 
0.052200 
0.053038 
0.053078 
0.052554 
0.053106 
0.052419 
0.052094 
0.052738 
0.052534 
0.053675 
0.052751 
0.052773 
0.052451 
0.052884 
0.052600 
0.052981 
0.052781 
0.053034 
0.052160 
0.052434 
0.053117 
0.052454 
0.052163 
0.052709 
0.052624 
0.052639 
0.053154 
0.053809 
0.053242 
0.052656 
0.053046 
0.052291 
0.051987 
0.052017 
0.051836 
0.053035 
0.052840 
0.051817 
0.051348 
0.051038 
0.050548 
0.051019 
0.051927 
0.051204 
0.051596 
0.051817 
0.052090 
0.051781 
0.051138 
0.051893 
0.051408 
0.051791 
0.052734 
0.051571 
0.052454 
0.052703 
0.052906 
0.052820 
0.052073 
0.051575 
0.050963 
0.050821 
0.050572 
0.051359 
0.051339 
0.050797 
0.051044 
0.051167 
0.050522 
0.051860 
0.052557 
0.053157 
0.052665 
0.052242 
0.052518 
0.051292 
0.052957 
0.052672 
0.052876 
0.052769 
0.053115 
0.052460 
0.052005 
0.052570 
0.053427 
0.052560 
0.052142 
0.051591 
0.052809 
0.053300 
0.053086 
0.053009 
0.052367 
0.053165 
0.052601 
0.052857 
0.052531 
0.052654 
0.052540 
0.051913 
0.052183 
0.052238 
0.052234 
0.052997 
0.052376 
0.052999 
0.053480 
0.053328 
0.052664 
0.052166 
0.052098 
0.053642 
0.052984 
0.053644 
0.053250 
0.053328 
0.053054 
0.053535 
0.053810 
0.053405 
0.052198 
0.052470 
0.052652 
0.053325 
0.052548 
0.053265 
0.053441 
0.053173 
0.053322 
0.053454 
0.054003 
0.052736 
0.052673 
0.052954 
0.052552 
0.051877 
0.053055 
0.052881 
0.052860 
0.053566 
0.053465 
0.053336 
0.054181 
0.053443 
0.053653 
0.054461 
0.054954 
0.054164 
0.053062 
0.053925 
0.053095 
0.052850 
0.052990 
0.053203 
0.052682 
0.053224 
0.053767 
0.053887 
0.053972 
0.053300 
0.052546 
0.052803 
0.053138 
0.053790 
0.052731 
0.054485 
0.053581 
0.052396 
0.052622 
0.053304 
0.052994 
0.053751 
0.053892 
0.053272 
0.053298 
0.053585 
0.053292 
0.053562 
0.053977 
0.053228 
0.052487 
0.053487 
0.054581 
0.053368 
0.053494 
0.052977 
0.053375 
0.053563 
0.053473 
0.054111 
0.054621 
0.053645 
0.053953 
0.054389 
0.053458 
0.054009 
0.054260 
0.054643 
0.054202 
0.055309 
0.054521 
0.054504 
0.054430 
0.053974 
0.053730 
0.054226 
0.053646 
0.053584 
0.053126 
0.053523 
0.053711 
0.055099 
0.054808 
0.054183 
0.053822 
0.053495 
0.053943 
0.053400 
0.052968 
0.052978 
0.053221 
