81.059998 
89.330002 
91.910004 
93.070000 
93.919998 
94.510002 
94.769997 
95.110001 
95.379997 
95.629997 
95.760002 
95.870003 
96.019997 
96.209999 
96.260002 
96.389999 
96.470001 
96.610001 
96.650002 
96.690002 
96.800003 
96.820000 
97.000000 
97.050003 
97.089996 
97.099998 
97.199997 
97.220001 
97.209999 
97.330002 
97.349998 
97.419998 
97.470001 
97.459999 
97.510002 
97.540001 
97.570000 
97.559998 
97.589996 
97.580002 
97.610001 
97.629997 
97.699997 
97.660004 
97.739998 
97.760002 
97.830002 
97.769997 
97.809998 
97.839996 
97.889999 
97.889999 
97.949997 
98.029999 
97.919998 
98.000000 
98.010002 
98.080002 
98.029999 
98.099998 
98.050003 
98.040001 
98.080002 
98.160004 
98.080002 
98.070000 
98.169998 
98.139999 
98.139999 
98.180000 
98.239998 
98.209999 
98.180000 
98.190002 
98.199997 
98.239998 
98.250000 
98.199997 
98.220001 
98.199997 
98.180000 
98.199997 
98.160004 
98.269997 
98.230003 
98.220001 
98.239998 
98.269997 
98.250000 
98.290001 
98.300003 
98.349998 
98.330002 
98.320000 
98.300003 
98.320000 
98.290001 
98.320000 
98.349998 
98.330002 
98.309998 
98.339996 
98.349998 
98.330002 
98.309998 
98.379997 
98.389999 
98.379997 
98.389999 
98.389999 
98.419998 
98.360001 
98.389999 
98.430000 
98.419998 
98.419998 
98.419998 
98.419998 
98.370003 
98.440002 
98.419998 
98.430000 
98.419998 
98.440002 
98.419998 
98.480003 
98.449997 
98.489998 
98.459999 
98.489998 
98.480003 
98.470001 
98.470001 
98.449997 
98.459999 
98.480003 
98.489998 
98.480003 
98.529999 
98.559998 
98.529999 
98.540001 
98.540001 
98.500000 
98.550003 
98.559998 
98.500000 
98.510002 
98.529999 
98.559998 
98.550003 
98.529999 
98.550003 
98.559998 
98.529999 
98.550003 
98.519997 
98.559998 
98.550003 
98.559998 
98.540001 
98.529999 
98.559998 
98.570000 
98.599998 
98.570000 
98.620003 
98.559998 
98.580002 
98.589996 
98.570000 
98.610001 
98.599998 
98.589996 
98.570000 
98.559998 
98.650002 
98.610001 
98.610001 
98.559998 
98.559998 
98.620003 
98.650002 
98.620003 
98.629997 
98.599998 
98.580002 
98.669998 
98.699997 
98.639999 
98.660004 
98.669998 
98.680000 
98.650002 
98.680000 
98.660004 
98.690002 
98.629997 
98.639999 
98.660004 
98.650002 
98.690002 
98.709999 
98.629997 
98.669998 
98.690002 
98.720001 
98.699997 
98.629997 
98.699997 
98.660004 
98.669998 
98.699997 
98.610001 
98.709999 
98.629997 
98.739998 
98.639999 
98.680000 
98.730003 
98.739998 
98.690002 
98.690002 
98.709999 
98.690002 
98.690002 
98.650002 
98.680000 
98.660004 
98.680000 
98.680000 
98.669998 
98.720001 
98.750000 
98.720001 
98.680000 
98.650002 
98.629997 
98.660004 
98.660004 
98.650002 
98.650002 
98.660004 
98.650002 
98.690002 
98.699997 
98.720001 
98.699997 
98.680000 
98.720001 
98.720001 
98.709999 
98.690002 
98.739998 
98.699997 
98.690002 
98.699997 
98.709999 
98.720001 
98.730003 
98.709999 
98.709999 
98.690002 
98.680000 
98.699997 
98.739998 
98.669998 
98.699997 
98.669998 
98.660004 
98.660004 
98.660004 
98.680000 
98.709999 
98.720001 
98.680000 
98.730003 
98.720001 
98.709999 
98.730003 
98.720001 
98.750000 
98.779999 
98.800003 
98.730003 
98.760002 
98.750000 
98.709999 
98.699997 
98.750000 
98.709999 
98.699997 
98.730003 
98.720001 
98.709999 
98.709999 
98.709999 
98.720001 
98.699997 
98.699997 
98.690002 
98.699997 
98.699997 
98.699997 
98.690002 
98.709999 
98.709999 
98.680000 
98.690002 
98.660004 
98.680000 
98.669998 
98.690002 
98.730003 
98.699997 
98.720001 
98.760002 
98.750000 
98.760002 
98.769997 
98.769997 
98.769997 
98.730003 
98.760002 
98.730003 
98.739998 
98.709999 
98.790001 
98.750000 
98.760002 
98.730003 
98.730003 
98.750000 
98.669998 
98.750000 
98.750000 
98.730003 
98.720001 
98.750000 
98.779999 
98.730003 
98.709999 
98.709999 
98.750000 
98.769997 
98.750000 
98.739998 
98.779999 
98.760002 
98.750000 
98.760002 
98.790001 
98.760002 
98.779999 
98.779999 
98.779999 
98.739998 
98.760002 
98.800003 
98.760002 
98.760002 
98.750000 
98.839996 
98.750000 
98.809998 
98.720001 
98.730003 
98.820000 
98.760002 
98.769997 
98.779999 
98.779999 
98.739998 
98.800003 
98.739998 
98.790001 
98.790001 
98.750000 
98.760002 
98.739998 
98.750000 
98.750000 
98.760002 
98.750000 
98.750000 
98.769997 
98.760002 
98.769997 
98.750000 
98.709999 
98.739998 
98.730003 
98.699997 
98.720001 
98.720001 
98.760002 
98.739998 
98.739998 
98.769997 
98.790001 
98.760002 
98.739998 
98.720001 
98.760002 
98.730003 
98.739998 
98.750000 
98.739998 
98.730003 
98.720001 
98.739998 
98.739998 
98.739998 
98.750000 
98.730003 
98.739998 
98.760002 
98.699997 
98.709999 
98.709999 
98.739998 
98.750000 
98.769997 
98.769997 
98.739998 
98.709999 
98.690002 
98.699997 
98.669998 
98.720001 
98.750000 
98.730003 
98.699997 
98.739998 
98.750000 
98.739998 
98.760002 
98.760002 
98.769997 
98.730003 
98.739998 
98.739998 
98.750000 
98.779999 
98.779999 
98.779999 
98.769997 
98.739998 
98.750000 
98.750000 
98.750000 
98.730003 
98.760002 
98.760002 
98.769997 
98.779999 
98.760002 
98.760002 
98.800003 
98.820000 
98.779999 
98.849998 
98.809998 
98.739998 
98.750000 
98.769997 
98.730003 
98.730003 
98.739998 
98.730003 
98.699997 
98.769997 
98.750000 
98.750000 
98.739998 
98.779999 
98.790001 
98.800003 
98.769997 
98.760002 
98.730003 
98.779999 
98.730003 
98.709999 
98.720001 
98.739998 
98.750000 
98.769997 
98.769997 
98.730003 
98.769997 
98.779999 
98.750000 
98.739998 
98.739998 
98.760002 
98.760002 
98.750000 
98.750000 
98.760002 
98.739998 
98.760002 
98.750000 
98.760002 
98.750000 
98.750000 
98.769997 
98.790001 
98.750000 
98.699997 
98.769997 
98.760002 
98.769997 
98.750000 
98.760002 
98.790001 
98.750000 
98.750000 
98.769997 
98.800003 
98.730003 
98.750000 
98.790001 
98.790001 
98.779999 
98.730003 
98.769997 
98.739998 
98.750000 
98.760002 
98.739998 
98.739998 
98.750000 
98.750000 
98.760002 
98.779999 
98.790001 
98.820000 
98.779999 
98.750000 
98.769997 
98.769997 
98.790001 
98.760002 
98.769997 
98.779999 
98.750000 
98.739998 
98.790001 
98.779999 
98.750000 
98.769997 
98.750000 
98.760002 
98.779999 
98.790001 
98.800003 
98.790001 
98.790001 
98.760002 
98.779999 
98.750000 
98.760002 
98.760002 
98.750000 
98.730003 
98.779999 
98.779999 
98.769997 
98.739998 
98.739998 
98.750000 
98.739998 
98.779999 
98.790001 
98.769997 
98.769997 
98.790001 
98.809998 
98.769997 
98.769997 
98.779999 
98.830002 
98.769997 
98.769997 
98.779999 
98.779999 
98.720001 
98.750000 
98.769997 
98.730003 
98.720001 
98.769997 
98.709999 
98.730003 
98.760002 
98.790001 
98.750000 
98.720001 
98.730003 
98.720001 
98.720001 
98.769997 
98.750000 
98.760002 
98.779999 
98.750000 
98.720001 
98.720001 
98.739998 
98.769997 
98.739998 
98.730003 
98.760002 
98.709999 
98.760002 
98.769997 
98.739998 
98.750000 
98.790001 
98.790001 
98.800003 
98.779999 
98.769997 
98.779999 
98.820000 
98.760002 
98.760002 
98.790001 
98.769997 
98.779999 
98.809998 
98.790001 
98.779999 
98.769997 
98.779999 
98.750000 
98.750000 
98.820000 
98.820000 
98.769997 
98.809998 
98.760002 
98.800003 
98.809998 
98.830002 
98.820000 
98.779999 
98.779999 
98.769997 
98.769997 
98.760002 
98.769997 
98.790001 
98.739998 
98.730003 
98.790001 
98.760002 
98.769997 
98.809998 
98.760002 
98.800003 
98.739998 
98.779999 
98.769997 
98.820000 
98.800003 
98.769997 
98.820000 
98.800003 
98.800003 
98.779999 
98.790001 
98.820000 
98.769997 
98.790001 
98.760002 
98.760002 
98.809998 
98.790001 
98.760002 
98.739998 
98.779999 
98.760002 
98.779999 
98.769997 
98.790001 
98.800003 
98.800003 
98.790001 
98.779999 
98.750000 
98.769997 
98.709999 
98.779999 
98.790001 
98.739998 
98.739998 
98.820000 
98.849998 
98.830002 
98.800003 
98.820000 
98.820000 
98.800003 
98.809998 
98.769997 
98.779999 
98.800003 
98.800003 
98.760002 
98.779999 
98.779999 
98.800003 
98.790001 
98.779999 
98.820000 
98.750000 
98.760002 
98.739998 
98.790001 
98.779999 
98.739998 
98.779999 
98.769997 
98.800003 
98.760002 
98.779999 
98.790001 
98.779999 
98.750000 
98.760002 
98.779999 
98.790001 
98.790001 
98.769997 
98.760002 
98.790001 
98.769997 
98.760002 
98.739998 
98.760002 
98.730003 
98.760002 
98.730003 
98.769997 
98.790001 
98.779999 
98.739998 
98.779999 
98.790001 
98.800003 
98.750000 
98.779999 
98.809998 
98.800003 
98.820000 
98.739998 
98.790001 
98.750000 
98.750000 
98.790001 
98.769997 
98.779999 
98.720001 
98.790001 
98.790001 
98.769997 
98.820000 
98.820000 
98.830002 
98.800003 
98.790001 
98.760002 
98.820000 
98.769997 
98.820000 
98.839996 
98.830002 
98.779999 
98.809998 
98.809998 
98.790001 
98.809998 
98.809998 
98.769997 
98.820000 
98.809998 
98.800003 
98.769997 
98.860001 
98.800003 
98.800003 
98.830002 
98.769997 
98.809998 
98.800003 
98.779999 
98.820000 
98.809998 
98.800003 
98.800003 
98.790001 
98.790001 
98.830002 
98.809998 
98.830002 
98.769997 
98.800003 
98.809998 
98.720001 
98.730003 
98.779999 
98.769997 
98.750000 
98.800003 
98.809998 
98.790001 
98.809998 
98.830002 
98.790001 
98.800003 
98.830002 
98.849998 
98.820000 
98.790001 
98.779999 
98.809998 
98.820000 
98.839996 
98.820000 
98.820000 
98.769997 
98.839996 
98.809998 
98.760002 
98.830002 
98.830002 
98.790001 
98.790001 
98.809998 
98.800003 
98.769997 
98.730003 
98.800003 
98.809998 
98.809998 
98.820000 
98.830002 
98.809998 
98.830002 
98.879997 
98.820000 
98.760002 
98.790001 
98.760002 
98.839996 
98.790001 
98.760002 
98.779999 
98.800003 
98.809998 
98.820000 
98.769997 
98.790001 
98.800003 
98.779999 
98.790001 
98.750000 
98.820000 
98.769997 
98.800003 
98.790001 
98.800003 
98.779999 
98.800003 
98.769997 
98.809998 
98.769997 
98.800003 
98.820000 
98.800003 
98.790001 
98.809998 
98.769997 
98.779999 
98.769997 
98.839996 
98.769997 
98.790001 
98.769997 
98.760002 
98.750000 
98.769997 
98.769997 
98.790001 
98.739998 
98.760002 
98.769997 
98.849998 
98.769997 
98.779999 
98.739998 
98.800003 
98.779999 
98.739998 
98.790001 
98.790001 
98.809998 
98.750000 
98.800003 
98.849998 
98.830002 
98.790001 
98.779999 
98.820000 
98.779999 
98.739998 
98.779999 
98.769997 
98.750000 
98.750000 
98.750000 
98.750000 
98.820000 
98.800003 
98.760002 
98.769997 
98.750000 
98.720001 
98.750000 
98.730003 
98.750000 
98.739998 
98.739998 
98.779999 
98.720001 
98.779999 
98.800003 
98.790001 
98.800003 
98.820000 
98.760002 
98.769997 
98.809998 
98.769997 
98.760002 
98.760002 
98.760002 
98.769997 
98.760002 
98.760002 
98.769997 
98.750000 
98.820000 
98.760002 
98.750000 
98.800003 
98.779999 
98.769997 
98.760002 
98.760002 
98.769997 
98.779999 
98.790001 
98.809998 
98.769997 
98.779999 
98.739998 
98.750000 
98.839996 
98.809998 
98.750000 
98.720001 
98.769997 
98.739998 
98.760002 
98.779999 
98.809998 
98.790001 
98.769997 
98.809998 
98.800003 
98.800003 
98.779999 
98.809998 
98.739998 
98.830002 
98.769997 
98.779999 
98.730003 
98.790001 
98.809998 
98.830002 
98.800003 
98.809998 
98.779999 
98.779999 
98.800003 
98.849998 
