0.817629 
0.399958 
0.290479 
0.235931 
0.202561 
0.180682 
0.166011 
0.155734 
0.145687 
0.137324 
0.130649 
0.125115 
0.120921 
0.117363 
0.112877 
0.109555 
0.107142 
0.103844 
0.101356 
0.100622 
0.097420 
0.096072 
0.092428 
0.091897 
0.091040 
0.089750 
0.087362 
0.087357 
0.085800 
0.084178 
0.082473 
0.081152 
0.080436 
0.079769 
0.078553 
0.078068 
0.076606 
0.076417 
0.076204 
0.075548 
0.074641 
0.073504 
0.073395 
0.072585 
0.070762 
0.070137 
0.069772 
0.069840 
0.070494 
0.069385 
0.068722 
0.067155 
0.067835 
0.067222 
0.067996 
0.066901 
0.065720 
0.065448 
0.065967 
0.065044 
0.065172 
0.065484 
0.065351 
0.065013 
0.065307 
0.064510 
0.062602 
0.062314 
0.062558 
0.061966 
0.062111 
0.062035 
0.062010 
0.061156 
0.060181 
0.060677 
0.060123 
0.061333 
0.060662 
0.059915 
0.059714 
0.059134 
0.059367 
0.058993 
0.059781 
0.060053 
0.059561 
0.059065 
0.059264 
0.058413 
0.058043 
0.057403 
0.056777 
0.056209 
0.057619 
0.056604 
0.056772 
0.056283 
0.056468 
0.056008 
0.055594 
0.055591 
0.055409 
0.055634 
0.054866 
0.054211 
0.054894 
0.055404 
0.055096 
0.055204 
0.056273 
0.055672 
0.054638 
0.054472 
0.054456 
0.056287 
0.054642 
0.055329 
0.055662 
0.053757 
0.055877 
0.054696 
0.055231 
0.054572 
0.055342 
0.053439 
0.053133 
0.052800 
0.053324 
0.052584 
0.052809 
0.054401 
0.054114 
0.053715 
0.054836 
0.053528 
0.052217 
0.053149 
0.052564 
0.051475 
0.051199 
0.051770 
0.051366 
0.052056 
0.052531 
0.052448 
0.053091 
0.052435 
0.052992 
0.052477 
0.051357 
0.050957 
0.050517 
0.051407 
0.050806 
0.050742 
0.050993 
0.050299 
0.052081 
0.051377 
0.051462 
0.051237 
0.051182 
0.051097 
0.051292 
0.051049 
0.050551 
0.051544 
0.051884 
0.051362 
0.051201 
0.050593 
0.051210 
0.051853 
0.050746 
0.051456 
0.050666 
0.051783 
0.051412 
0.052367 
0.050370 
0.050728 
0.049954 
0.050763 
0.050750 
0.050890 
0.051419 
0.049393 
0.049122 
0.049884 
0.049750 
0.048798 
0.049103 
0.048872 
0.049362 
0.050259 
0.049706 
0.049993 
0.049733 
0.049632 
0.050331 
0.050026 
0.050174 
0.049232 
0.050274 
0.050337 
0.049391 
0.051002 
0.049663 
0.049765 
0.051164 
0.050493 
0.050175 
0.050573 
0.050375 
0.051397 
0.050264 
0.050439 
0.049467 
0.049396 
0.049561 
0.049659 
0.049057 
0.050232 
0.050495 
0.050624 
0.051028 
0.050652 
0.049956 
0.050193 
0.050156 
0.050553 
0.049807 
0.049832 
0.050496 
0.051046 
0.049990 
0.049792 
0.050877 
0.049928 
0.051306 
0.051750 
0.050240 
0.051152 
0.050578 
0.050907 
0.051064 
0.052016 
0.051567 
0.051016 
0.050351 
0.049884 
0.049969 
0.050459 
0.051488 
0.051849 
0.050779 
0.052705 
0.051009 
0.051178 
0.050728 
0.051351 
0.051886 
0.052507 
0.051950 
0.050869 
0.050629 
0.052577 
0.052477 
0.052399 
0.052437 
0.052135 
0.051494 
0.051058 
0.051104 
0.050473 
0.051521 
0.050635 
0.050775 
0.052205 
0.051075 
0.050926 
0.050833 
0.050023 
0.050850 
0.050465 
0.050562 
0.051388 
0.050970 
0.051345 
0.051939 
0.051365 
0.051266 
0.051980 
0.051940 
0.051508 
0.051697 
0.051954 
0.051896 
0.052771 
0.052096 
0.052731 
0.052163 
0.052227 
0.052941 
0.053286 
0.052141 
0.053028 
0.053061 
0.051984 
0.052199 
0.051913 
0.051846 
0.052466 
0.052739 
0.052088 
0.052483 
0.051829 
0.052080 
0.050622 
0.050324 
0.049993 
0.051373 
0.050137 
0.050042 
0.051264 
0.050807 
0.048458 
0.050367 
0.050298 
0.050413 
0.050752 
0.050405 
0.050411 
0.051754 
0.052070 
0.051202 
0.050860 
0.050679 
0.051865 
0.052456 
0.051103 
0.051506 
0.051729 
0.051121 
0.050874 
0.051012 
0.050318 
0.050567 
0.049643 
0.050561 
0.049508 
0.050680 
0.050803 
0.049238 
0.049105 
0.051113 
0.050586 
0.049471 
0.049914 
0.049873 
0.049751 
0.050500 
0.050613 
0.048930 
0.050899 
0.050757 
0.050632 
0.050672 
0.052134 
0.051822 
0.052175 
0.051944 
0.051467 
0.051664 
0.051295 
0.051541 
0.051594 
0.052040 
0.051225 
0.050337 
0.050965 
0.051154 
0.050864 
0.052271 
0.051009 
0.051661 
0.051176 
0.051491 
0.051205 
0.050967 
0.051843 
0.052150 
0.051886 
0.052581 
0.051300 
0.051634 
0.052088 
0.050907 
0.050838 
0.050135 
0.050043 
0.051907 
0.051096 
0.051886 
0.051774 
0.052211 
0.050444 
0.050415 
0.051087 
0.051071 
0.051004 
0.050050 
0.051001 
0.051250 
0.052257 
0.052919 
0.052051 
0.053322 
0.052517 
0.051052 
0.051899 
0.051618 
0.052050 
0.052246 
0.051148 
0.051612 
0.052447 
0.052414 
0.052843 
0.053057 
0.052790 
0.052737 
0.051854 
0.053074 
0.051836 
0.052417 
0.051187 
0.051567 
0.052481 
0.052373 
0.051218 
0.052272 
0.052663 
0.051822 
0.051704 
0.052903 
0.053665 
0.054259 
0.054296 
0.054290 
0.052805 
0.052913 
0.051950 
0.052171 
0.052636 
0.053089 
0.054719 
0.052393 
0.053590 
0.052698 
0.051256 
0.052678 
0.051363 
0.051420 
0.052655 
0.053045 
0.053369 
0.053288 
0.053660 
0.052700 
0.054364 
0.052126 
0.053199 
0.053522 
0.052897 
0.053181 
0.051978 
0.053039 
0.053084 
0.052672 
0.052492 
0.053371 
0.053129 
0.053894 
0.054235 
0.053338 
0.055004 
0.053887 
0.052733 
0.053548 
0.053381 
0.052825 
0.052092 
0.052540 
0.052247 
0.052901 
0.053647 
0.052293 
0.052649 
0.052179 
0.052426 
0.053157 
0.053250 
0.053530 
0.053328 
0.053353 
0.053218 
0.052767 
0.052257 
0.052256 
0.052987 
0.052142 
0.053342 
0.053488 
0.052890 
0.053882 
0.053709 
0.053540 
0.053367 
0.053828 
0.054392 
0.053490 
0.051840 
0.052505 
0.053323 
0.052661 
0.053017 
0.052897 
0.053152 
0.053155 
0.052894 
0.053347 
0.053803 
0.052727 
0.052898 
0.053873 
0.053704 
0.054012 
0.055240 
0.056022 
0.053689 
0.054345 
0.054987 
0.055767 
0.055220 
0.054027 
0.054349 
0.055158 
0.055504 
0.055091 
0.054803 
0.053620 
0.054798 
0.053925 
0.055203 
0.054478 
0.053935 
0.053351 
0.053067 
0.054868 
0.054059 
0.054334 
0.053732 
0.054766 
0.054645 
0.054326 
0.054823 
0.054624 
0.054155 
0.053716 
0.054988 
0.055001 
0.054691 
0.055380 
0.055473 
0.054658 
0.054761 
0.054448 
0.054032 
0.054480 
0.054762 
0.053530 
0.054016 
0.054742 
0.054334 
0.054828 
0.053380 
0.054203 
0.055518 
0.054767 
0.055288 
0.054316 
0.055264 
0.054462 
0.055157 
0.053726 
0.054382 
0.054980 
0.054451 
0.053802 
0.055297 
0.054108 
0.052788 
0.054276 
0.053948 
0.054190 
0.054879 
0.052653 
0.053192 
0.054019 
0.055213 
0.056348 
0.054801 
0.055891 
0.055025 
0.054890 
0.055626 
0.055532 
0.055244 
0.056089 
0.056434 
0.054610 
0.054481 
0.054883 
0.055706 
0.055280 
0.055277 
0.055641 
0.055432 
0.056016 
0.056047 
0.056182 
0.056295 
0.054332 
0.054521 
0.055296 
0.054624 
0.054179 
0.054477 
0.056082 
0.054728 
0.055520 
0.055179 
0.055589 
0.054561 
0.054254 
0.055628 
0.055033 
0.056142 
0.055890 
0.055639 
0.056439 
0.056407 
0.056516 
0.056225 
0.055194 
0.056126 
0.053706 
0.054604 
0.055906 
0.054610 
0.054852 
0.054609 
0.054466 
0.053360 
0.054677 
0.054623 
0.054600 
0.054709 
0.055605 
0.054702 
0.054436 
0.054766 
0.054674 
0.055379 
0.054656 
0.056060 
0.055872 
0.055394 
0.053455 
0.053885 
0.054031 
0.055126 
0.055342 
0.055427 
0.054852 
0.054706 
0.055185 
0.054256 
0.054043 
0.056919 
0.055737 
0.057806 
0.055581 
0.054419 
0.054109 
0.054326 
0.053898 
0.053564 
0.053276 
0.054503 
0.053971 
0.054597 
0.054969 
0.054387 
0.054639 
0.055103 
0.055507 
0.056264 
0.055436 
0.055863 
0.055632 
0.054681 
0.054979 
0.055574 
0.055242 
0.057513 
0.055460 
0.055463 
0.054940 
0.056302 
0.056561 
0.056185 
0.055555 
0.055044 
0.054442 
0.054784 
0.054513 
0.055118 
0.055495 
0.055563 
0.056474 
0.055702 
0.055610 
0.055004 
0.054326 
0.055305 
0.055163 
0.056180 
0.056030 
0.055532 
0.055646 
0.056202 
0.056868 
0.057138 
0.055880 
0.055828 
0.054581 
0.054418 
0.055211 
0.054822 
0.056357 
0.055902 
0.053933 
0.053692 
0.052213 
0.053774 
0.054803 
0.055133 
0.055073 
0.054469 
0.054158 
0.055616 
0.055447 
0.054024 
0.056192 
0.055636 
0.056134 
0.056997 
0.056167 
0.056806 
0.057746 
0.057581 
0.056006 
0.056597 
0.056292 
0.056497 
0.055246 
0.056646 
0.054803 
0.054430 
0.055363 
0.053973 
0.055262 
0.054972 
0.055250 
0.055439 
0.056033 
0.054826 
0.054594 
0.056780 
0.055758 
0.055787 
0.056169 
0.055391 
0.053294 
0.055954 
0.053591 
0.052663 
0.052802 
0.053756 
0.054507 
0.053742 
0.054353 
0.055038 
0.053459 
0.055003 
0.055026 
0.055409 
0.056843 
0.056127 
0.058112 
0.056457 
0.057932 
0.056707 
0.056284 
0.055572 
0.054740 
0.054779 
0.054945 
0.056078 
0.055873 
0.055526 
0.055698 
0.054526 
0.055935 
0.056065 
0.056258 
0.056336 
0.057265 
0.056478 
0.056885 
0.056833 
0.055880 
0.057234 
0.057689 
0.056619 
0.057073 
0.057491 
0.056481 
0.056460 
0.055214 
0.056588 
0.056355 
0.056575 
0.057167 
0.056871 
0.057409 
0.058374 
0.057758 
0.057330 
0.057894 
0.058249 
0.057190 
0.058038 
0.058231 
0.058704 
0.059841 
0.058573 
0.058129 
0.056346 
0.058049 
0.055568 
0.054134 
0.054491 
0.055257 
0.056150 
0.056130 
0.055842 
0.054960 
0.055844 
0.055430 
0.055074 
0.055868 
0.057262 
0.057713 
0.058330 
0.057909 
0.057503 
0.056802 
0.058453 
0.058154 
0.057140 
0.057600 
0.058011 
0.058378 
0.057053 
0.058315 
0.057728 
0.059342 
0.059370 
0.057341 
0.057403 
0.056603 
0.057515 
0.058303 
0.057219 
0.057568 
0.058679 
0.057515 
0.057460 
0.057724 
0.057957 
0.056538 
0.057207 
0.057426 
0.056892 
0.056179 
0.058110 
0.057019 
0.057708 
0.057820 
0.058557 
0.059060 
0.057170 
0.056912 
0.058672 
0.056759 
0.057609 
0.057355 
0.058793 
0.056932 
0.058581 
0.057858 
0.057130 
0.058406 
0.058595 
0.058964 
0.060954 
0.060465 
0.058371 
0.059348 
0.059362 
0.060147 
0.059884 
0.059960 
0.058896 
0.058264 
0.058712 
0.057969 
0.057484 
0.059228 
0.058755 
0.058703 
0.057488 
0.056902 
0.057263 
0.057045 
0.057890 
0.058209 
0.057605 
0.056259 
0.058374 
0.058340 
0.058785 
0.057938 
0.059651 
0.058999 
0.059615 
0.059658 
0.060298 
0.057718 
0.058351 
0.057198 
0.057438 
0.058116 
0.058462 
0.059413 
0.056977 
0.056998 
0.057457 
0.057513 
0.058699 
0.058739 
0.059010 
0.058010 
0.059053 
0.058703 
0.059394 
0.059720 
0.059464 
0.058470 
0.057422 
0.057506 
0.058024 
0.058508 
0.058715 
0.058717 
0.057240 
0.058253 
0.058760 
0.056974 
0.056899 
0.057950 
0.056446 
0.056229 
0.058210 
0.056530 
0.057827 
