0.000000 
67.000000 
67.000000 
67.000000 
67.000000 
67.000000 
67.000000 
67.000000 
67.000000 
67.000000 
67.000000 
67.000000 
128.000000 
128.000000 
128.000000 
206.000000 
206.000000 
206.000000 
206.000000 
282.000000 
282.000000 
282.000000 
282.000000 
352.000000 
352.000000 
352.000000 
352.000000 
352.000000 
352.000000 
352.000000 
352.000000 
352.000000 
352.000000 
352.000000 
352.000000 
352.000000 
352.000000 
352.000000 
352.000000 
352.000000 
352.000000 
352.000000 
352.000000 
425.000000 
425.000000 
425.000000 
425.000000 
425.000000 
425.000000 
425.000000 
425.000000 
425.000000 
425.000000 
425.000000 
425.000000 
425.000000 
425.000000 
494.000000 
494.000000 
494.000000 
494.000000 
494.000000 
494.000000 
494.000000 
494.000000 
572.000000 
572.000000 
640.000000 
640.000000 
640.000000 
640.000000 
640.000000 
640.000000 
640.000000 
640.000000 
640.000000 
640.000000 
707.000000 
707.000000 
707.000000 
707.000000 
707.000000 
707.000000 
707.000000 
707.000000 
707.000000 
707.000000 
787.000000 
863.000000 
863.000000 
936.000000 
936.000000 
936.000000 
936.000000 
936.000000 
936.000000 
936.000000 
1007.000000 
1085.000000 
1085.000000 
1165.000000 
1165.000000 
1165.000000 
1165.000000 
1165.000000 
1165.000000 
1243.000000 
1243.000000 
1243.000000 
1243.000000 
1243.000000 
1243.000000 
1243.000000 
1243.000000 
1243.000000 
1316.000000 
1316.000000 
1316.000000 
1316.000000 
1385.000000 
1385.000000 
1385.000000 
1385.000000 
1463.000000 
1525.000000 
1525.000000 
1525.000000 
1525.000000 
1594.000000 
1594.000000 
1671.000000 
1671.000000 
1671.000000 
1732.000000 
1804.000000 
1947.000000 
1947.000000 
1947.000000 
2025.000000 
2025.000000 
2025.000000 
2025.000000 
2025.000000 
2099.000000 
2099.000000 
2099.000000 
2099.000000 
2099.000000 
2099.000000 
2169.000000 
2169.000000 
2169.000000 
2169.000000 
2169.000000 
2169.000000 
2169.000000 
2315.000000 
2315.000000 
2315.000000 
2315.000000 
2315.000000 
2315.000000 
2315.000000 
2315.000000 
2315.000000 
2382.000000 
2382.000000 
2382.000000 
2382.000000 
2382.000000 
2382.000000 
2382.000000 
2382.000000 
2382.000000 
2382.000000 
2382.000000 
2382.000000 
2382.000000 
2382.000000 
2460.000000 
2460.000000 
2522.000000 
2522.000000 
2596.000000 
2596.000000 
2596.000000 
2669.000000 
2669.000000 
2669.000000 
2669.000000 
2669.000000 
2730.000000 
2730.000000 
2730.000000 
2730.000000 
2730.000000 
2799.000000 
2799.000000 
2799.000000 
2799.000000 
2799.000000 
2799.000000 
2871.000000 
2871.000000 
2871.000000 
2871.000000 
2871.000000 
2871.000000 
2871.000000 
2871.000000 
2938.000000 
2938.000000 
2938.000000 
2938.000000 
2938.000000 
3008.000000 
3008.000000 
3008.000000 
3008.000000 
3008.000000 
3008.000000 
3078.000000 
3078.000000 
3078.000000 
3078.000000 
3078.000000 
3219.000000 
3295.000000 
3295.000000 
3295.000000 
3295.000000 
3295.000000 
3295.000000 
3295.000000 
3295.000000 
3368.000000 
3446.000000 
3446.000000 
3446.000000 
3446.000000 
3513.000000 
3513.000000 
3513.000000 
3513.000000 
3513.000000 
3513.000000 
3513.000000 
3513.000000 
3589.000000 
3589.000000 
3589.000000 
3589.000000 
3589.000000 
3589.000000 
3589.000000 
3589.000000 
3589.000000 
3802.000000 
3802.000000 
3802.000000 
3802.000000 
3802.000000 
3802.000000 
3802.000000 
3802.000000 
3864.000000 
3864.000000 
3864.000000 
3864.000000 
3864.000000 
3864.000000 
3864.000000 
3864.000000 
3864.000000 
3864.000000 
3864.000000 
3864.000000 
3864.000000 
3864.000000 
3864.000000 
3864.000000 
3864.000000 
3864.000000 
3864.000000 
3864.000000 
3864.000000 
3864.000000 
3864.000000 
3864.000000 
3864.000000 
3864.000000 
3864.000000 
3864.000000 
3864.000000 
3864.000000 
3864.000000 
3864.000000 
3864.000000 
3864.000000 
3864.000000 
3864.000000 
3864.000000 
3864.000000 
3864.000000 
3864.000000 
3864.000000 
3864.000000 
3864.000000 
3864.000000 
3934.000000 
3934.000000 
3934.000000 
4001.000000 
4001.000000 
4001.000000 
4001.000000 
4001.000000 
4149.000000 
4210.000000 
4210.000000 
4210.000000 
4210.000000 
4210.000000 
4210.000000 
4286.000000 
4286.000000 
4366.000000 
4366.000000 
4366.000000 
4366.000000 
4366.000000 
4444.000000 
4444.000000 
4444.000000 
4444.000000 
4444.000000 
4506.000000 
4584.000000 
4584.000000 
4584.000000 
4584.000000 
4657.000000 
4725.000000 
4805.000000 
4805.000000 
4805.000000 
4961.000000 
4961.000000 
4961.000000 
4961.000000 
5031.000000 
5101.000000 
5162.000000 
5162.000000 
5162.000000 
5229.000000 
5229.000000 
5229.000000 
5229.000000 
5229.000000 
5297.000000 
5297.000000 
5297.000000 
5297.000000 
5297.000000 
5297.000000 
5297.000000 
5297.000000 
5297.000000 
5297.000000 
5297.000000 
5297.000000 
5370.000000 
5370.000000 
5370.000000 
5370.000000 
5370.000000 
5370.000000 
5370.000000 
5370.000000 
5370.000000 
5370.000000 
5370.000000 
5370.000000 
5438.000000 
5581.000000 
5581.000000 
5581.000000 
5581.000000 
5661.000000 
5737.000000 
5737.000000 
5737.000000 
5737.000000 
5737.000000 
5737.000000 
5810.000000 
5810.000000 
5810.000000 
5872.000000 
5872.000000 
5872.000000 
5872.000000 
5946.000000 
5946.000000 
5946.000000 
5946.000000 
5946.000000 
5946.000000 
5946.000000 
5946.000000 
5946.000000 
5946.000000 
5946.000000 
5946.000000 
5946.000000 
5946.000000 
5946.000000 
5946.000000 
6014.000000 
6014.000000 
6092.000000 
6092.000000 
6092.000000 
6092.000000 
6092.000000 
6092.000000 
6092.000000 
6092.000000 
6092.000000 
6092.000000 
6092.000000 
6092.000000 
6092.000000 
6092.000000 
6161.000000 
6161.000000 
6161.000000 
6161.000000 
6161.000000 
6161.000000 
6161.000000 
6224.000000 
6224.000000 
6224.000000 
6224.000000 
6224.000000 
6224.000000 
6291.000000 
6291.000000 
6291.000000 
6291.000000 
6371.000000 
6371.000000 
6371.000000 
6371.000000 
6371.000000 
6371.000000 
6371.000000 
6449.000000 
6449.000000 
6449.000000 
6449.000000 
6518.000000 
6518.000000 
6518.000000 
6518.000000 
6518.000000 
6518.000000 
6518.000000 
6518.000000 
6518.000000 
6518.000000 
6518.000000 
6518.000000 
6518.000000 
6598.000000 
6667.000000 
6667.000000 
6667.000000 
6667.000000 
6667.000000 
6667.000000 
6667.000000 
6667.000000 
6667.000000 
6667.000000 
6667.000000 
6667.000000 
6667.000000 
6667.000000 
6734.000000 
6734.000000 
6734.000000 
6734.000000 
6734.000000 
6734.000000 
6734.000000 
6814.000000 
6884.000000 
6884.000000 
6884.000000 
6884.000000 
6884.000000 
6884.000000 
6884.000000 
6884.000000 
6952.000000 
6952.000000 
7028.000000 
7028.000000 
7028.000000 
7028.000000 
7028.000000 
7028.000000 
7028.000000 
7028.000000 
7028.000000 
7028.000000 
7028.000000 
7028.000000 
7028.000000 
7028.000000 
7028.000000 
7028.000000 
7095.000000 
7095.000000 
7248.000000 
7248.000000 
7248.000000 
7248.000000 
7248.000000 
7248.000000 
7248.000000 
7248.000000 
7248.000000 
7248.000000 
7248.000000 
7248.000000 
7248.000000 
7248.000000 
7248.000000 
7248.000000 
7248.000000 
7328.000000 
7328.000000 
7328.000000 
7328.000000 
7328.000000 
7328.000000 
7328.000000 
7328.000000 
7328.000000 
7467.000000 
7467.000000 
7467.000000 
7467.000000 
7467.000000 
7467.000000 
7467.000000 
7467.000000 
7467.000000 
7467.000000 
7467.000000 
7467.000000 
7467.000000 
7467.000000 
7467.000000 
7467.000000 
7467.000000 
7467.000000 
7467.000000 
7467.000000 
7467.000000 
7467.000000 
7537.000000 
7537.000000 
7537.000000 
7537.000000 
7537.000000 
7537.000000 
7537.000000 
7537.000000 
7537.000000 
7537.000000 
7537.000000 
7610.000000 
7610.000000 
7610.000000 
7610.000000 
7610.000000 
7610.000000 
7610.000000 
7610.000000 
7610.000000 
7757.000000 
7757.000000 
7757.000000 
7757.000000 
7757.000000 
7757.000000 
7757.000000 
7818.000000 
7818.000000 
7818.000000 
7818.000000 
7818.000000 
7818.000000 
7818.000000 
7818.000000 
7818.000000 
7818.000000 
7818.000000 
7888.000000 
7888.000000 
7888.000000 
7888.000000 
7888.000000 
7888.000000 
7888.000000 
7888.000000 
7888.000000 
7888.000000 
7888.000000 
7888.000000 
7888.000000 
7888.000000 
7888.000000 
7888.000000 
7961.000000 
7961.000000 
7961.000000 
7961.000000 
8030.000000 
8030.000000 
8030.000000 
8030.000000 
8030.000000 
8104.000000 
8164.000000 
8164.000000 
8164.000000 
8164.000000 
8164.000000 
8164.000000 
8242.000000 
8242.000000 
8242.000000 
8242.000000 
8242.000000 
8242.000000 
8242.000000 
8242.000000 
8319.000000 
8319.000000 
8319.000000 
8319.000000 
8319.000000 
8319.000000 
8319.000000 
8395.000000 
8395.000000 
8465.000000 
8465.000000 
8465.000000 
8465.000000 
8465.000000 
8465.000000 
8465.000000 
8465.000000 
8541.000000 
8621.000000 
8621.000000 
8621.000000 
8621.000000 
8621.000000 
8621.000000 
8699.000000 
8699.000000 
8699.000000 
8842.000000 
8909.000000 
8909.000000 
8979.000000 
8979.000000 
8979.000000 
8979.000000 
9047.000000 
9047.000000 
9047.000000 
9047.000000 
9109.000000 
9109.000000 
9109.000000 
9252.000000 
9320.000000 
9398.000000 
9459.000000 
9459.000000 
9527.000000 
9603.000000 
9603.000000 
9603.000000 
9603.000000 
9603.000000 
9603.000000 
9603.000000 
9603.000000 
9603.000000 
9679.000000 
9679.000000 
9679.000000 
9679.000000 
9679.000000 
9679.000000 
9679.000000 
9679.000000 
9679.000000 
9679.000000 
9679.000000 
9679.000000 
9679.000000 
9747.000000 
9747.000000 
9747.000000 
9747.000000 
9747.000000 
9747.000000 
9747.000000 
9820.000000 
9820.000000 
9820.000000 
9820.000000 
9820.000000 
9888.000000 
9888.000000 
9888.000000 
9888.000000 
9888.000000 
9888.000000 
9888.000000 
9888.000000 
9888.000000 
9888.000000 
9964.000000 
9964.000000 
9964.000000 
10115.000000 
10115.000000 
10185.000000 
10185.000000 
10185.000000 
10185.000000 
10185.000000 
10185.000000 
10185.000000 
10185.000000 
10185.000000 
10185.000000 
10185.000000 
10261.000000 
10261.000000 
10261.000000 
10261.000000 
10261.000000 
10261.000000 
10261.000000 
10261.000000 
10261.000000 
10261.000000 
10261.000000 
10339.000000 
10339.000000 
10339.000000 
10339.000000 
10412.000000 
10412.000000 
10412.000000 
10412.000000 
10488.000000 
10488.000000 
10488.000000 
10549.000000 
10549.000000 
10549.000000 
10549.000000 
10549.000000 
10549.000000 
10549.000000 
10549.000000 
10549.000000 
10549.000000 
10549.000000 
10549.000000 
10549.000000 
10698.000000 
10698.000000 
10772.000000 
10772.000000 
10849.000000 
10927.000000 
10927.000000 
10927.000000 
10996.000000 
10996.000000 
10996.000000 
10996.000000 
10996.000000 
10996.000000 
10996.000000 
10996.000000 
10996.000000 
10996.000000 
10996.000000 
11064.000000 
11064.000000 
11064.000000 
11064.000000 
11137.000000 
11137.000000 
11137.000000 
11137.000000 
11213.000000 
11213.000000 
11213.000000 
11213.000000 
11213.000000 
11213.000000 
11213.000000 
11213.000000 
11213.000000 
11213.000000 
11213.000000 
11213.000000 
11213.000000 
11213.000000 
11213.000000 
11213.000000 
11213.000000 
11213.000000 
11213.000000 
11283.000000 
11283.000000 
11283.000000 
11283.000000 
11283.000000 
11283.000000 
11283.000000 
11283.000000 
11283.000000 
11344.000000 
11344.000000 
11344.000000 
11344.000000 
11344.000000 
11344.000000 
11344.000000 
11344.000000 
11405.000000 
11405.000000 
11405.000000 
11542.000000 
11620.000000 
11620.000000 
11620.000000 
11696.000000 
11696.000000 
11696.000000 
11776.000000 
11776.000000 
11776.000000 
11776.000000 
11776.000000 
11776.000000 
11776.000000 
11776.000000 
11776.000000 
11776.000000 
11776.000000 
11776.000000 
11776.000000 
11776.000000 
11776.000000 
11776.000000 
11776.000000 
11845.000000 
11845.000000 
11845.000000 
11845.000000 
11845.000000 
11845.000000 
11912.000000 
11912.000000 
11912.000000 
11912.000000 
11912.000000 
11912.000000 
11912.000000 
11912.000000 
11973.000000 
12040.000000 
12040.000000 
12114.000000 
12184.000000 
12264.000000 
12264.000000 
12264.000000 
12264.000000 
12264.000000 
12264.000000 
12264.000000 
12264.000000 
12340.000000 
12340.000000 
12340.000000 
12340.000000 
12340.000000 
12340.000000 
12340.000000 
12340.000000 
12340.000000 
12413.000000 
12413.000000 
12413.000000 
12553.000000 
12553.000000 
12553.000000 
12553.000000 
12553.000000 
12615.000000 
12615.000000 
12615.000000 
12615.000000 
12615.000000 
12615.000000 
12615.000000 
12615.000000 
12615.000000 
12683.000000 
12756.000000 
12756.000000 
12756.000000 
12756.000000 
12756.000000 
12756.000000 
12756.000000 
12756.000000 
12756.000000 
12756.000000 
12756.000000 
12832.000000 
12832.000000 
12832.000000 
12832.000000 
12832.000000 
12832.000000 
12832.000000 
12908.000000 
12908.000000 
12908.000000 
12908.000000 
12970.000000 
12970.000000 
12970.000000 
13038.000000 
13038.000000 
13038.000000 
13038.000000 
13038.000000 
13038.000000 
13038.000000 
13038.000000 
13038.000000 
13038.000000 
13038.000000 
13038.000000 
13038.000000 
13038.000000 
13038.000000 
13038.000000 
13099.000000 
13099.000000 
13172.000000 
13172.000000 
13172.000000 
13252.000000 
13252.000000 
13326.000000 
13326.000000 
13326.000000 
13326.000000 
13326.000000 
13326.000000 
13326.000000 
13326.000000 
13326.000000 
13326.000000 
13326.000000 
13326.000000 
13557.000000 
