139.000000 
212.000000 
426.000000 
628.000000 
845.000000 
990.000000 
1127.000000 
1200.000000 
1200.000000 
1337.000000 
1469.000000 
1533.000000 
1597.000000 
1661.000000 
1661.000000 
1661.000000 
1801.000000 
1874.000000 
1941.000000 
2148.000000 
2220.000000 
2356.000000 
2500.000000 
2782.000000 
2782.000000 
2984.000000 
3062.000000 
3327.000000 
3327.000000 
3327.000000 
3607.000000 
3757.000000 
3893.000000 
3962.000000 
4035.000000 
4155.000000 
4215.000000 
4292.000000 
4292.000000 
4365.000000 
4365.000000 
4513.000000 
4665.000000 
4894.000000 
5033.000000 
5033.000000 
5185.000000 
5415.000000 
5492.000000 
5564.000000 
5779.000000 
5996.000000 
6137.000000 
6278.000000 
6412.000000 
6484.000000 
6484.000000 
6559.000000 
6626.000000 
6693.000000 
6693.000000 
6754.000000 
6827.000000 
7015.000000 
7217.000000 
7353.000000 
7416.000000 
7478.000000 
7540.000000 
7540.000000 
7606.000000 
7736.000000 
7804.000000 
7880.000000 
7941.000000 
8068.000000 
8068.000000 
8345.000000 
8345.000000 
8416.000000 
8478.000000 
8549.000000 
8549.000000 
8549.000000 
8622.000000 
8693.000000 
8755.000000 
8966.000000 
9028.000000 
9090.000000 
9152.000000 
9152.000000 
9227.000000 
9227.000000 
9227.000000 
9227.000000 
9382.000000 
9442.000000 
9714.000000 
9714.000000 
9866.000000 
9866.000000 
9941.000000 
10019.000000 
10019.000000 
10156.000000 
10294.000000 
10294.000000 
10354.000000 
10494.000000 
10494.000000 
10574.000000 
10640.000000 
10700.000000 
10840.000000 
10980.000000 
11040.000000 
11116.000000 
11116.000000 
11188.000000 
11188.000000 
11319.000000 
11525.000000 
11525.000000 
11659.000000 
11728.000000 
11797.000000 
11877.000000 
12082.000000 
12082.000000 
12220.000000 
12220.000000 
12220.000000 
12220.000000 
12286.000000 
12286.000000 
12286.000000 
12358.000000 
12483.000000 
12555.000000 
12684.000000 
12833.000000 
12894.000000 
12894.000000 
12961.000000 
13025.000000 
13025.000000 
13025.000000 
13150.000000 
13150.000000 
13150.000000 
13344.000000 
13414.000000 
13484.000000 
13628.000000 
13694.000000 
13835.000000 
13901.000000 
13901.000000 
13965.000000 
13965.000000 
14106.000000 
14106.000000 
14106.000000 
14106.000000 
14106.000000 
14106.000000 
14250.000000 
14327.000000 
14393.000000 
14541.000000 
14674.000000 
14674.000000 
14741.000000 
14807.000000 
14873.000000 
14873.000000 
14942.000000 
15014.000000 
15092.000000 
15092.000000 
15092.000000 
15092.000000 
15171.000000 
15248.000000 
15248.000000 
15325.000000 
15387.000000 
15387.000000 
15463.000000 
15542.000000 
15542.000000 
15611.000000 
15690.000000 
15842.000000 
15842.000000 
15842.000000 
15986.000000 
15986.000000 
16061.000000 
16194.000000 
16262.000000 
16405.000000 
16405.000000 
16477.000000 
16477.000000 
16549.000000 
16549.000000 
16621.000000 
16621.000000 
16695.000000 
16695.000000 
16769.000000 
16830.000000 
16891.000000 
16952.000000 
17013.000000 
17148.000000 
17219.000000 
17219.000000 
17419.000000 
17553.000000 
17553.000000 
17751.000000 
17751.000000 
17815.000000 
17965.000000 
17965.000000 
18200.000000 
18200.000000 
18323.000000 
18323.000000 
18385.000000 
18385.000000 
18385.000000 
18452.000000 
18519.000000 
18720.000000 
18793.000000 
18930.000000 
19006.000000 
19079.000000 
19291.000000 
19358.000000 
19433.000000 
19569.000000 
19569.000000 
19772.000000 
19906.000000 
19906.000000 
19978.000000 
20054.000000 
20131.000000 
20204.000000 
20204.000000 
20204.000000 
20204.000000 
20281.000000 
20281.000000 
20281.000000 
20281.000000 
20354.000000 
20418.000000 
20559.000000 
20559.000000 
20762.000000 
20896.000000 
21035.000000 
21108.000000 
21108.000000 
21186.000000 
21186.000000 
21186.000000 
21186.000000 
21264.000000 
21393.000000 
21461.000000 
21533.000000 
21605.000000 
21683.000000 
21823.000000 
21902.000000 
21974.000000 
21974.000000 
22042.000000 
22114.000000 
22193.000000 
22265.000000 
22333.000000 
22394.000000 
22454.000000 
22582.000000 
22800.000000 
22941.000000 
22941.000000 
23009.000000 
23077.000000 
23077.000000 
23077.000000 
23077.000000 
23077.000000 
23216.000000 
23287.000000 
23365.000000 
23365.000000 
23443.000000 
23443.000000 
23503.000000 
23503.000000 
23581.000000 
23811.000000 
23878.000000 
23945.000000 
24021.000000 
24175.000000 
24323.000000 
24475.000000 
24475.000000 
24614.000000 
24759.000000 
24759.000000 
24824.000000 
24888.000000 
24888.000000 
24888.000000 
24952.000000 
25017.000000 
25083.000000 
25083.000000 
25151.000000 
25292.000000 
25292.000000 
25358.000000 
25358.000000 
25426.000000 
25494.000000 
25565.000000 
25633.000000 
25701.000000 
25840.000000 
25905.000000 
25969.000000 
26043.000000 
26108.000000 
26247.000000 
26314.000000 
26374.000000 
26588.000000 
26588.000000 
26662.000000 
26722.000000 
26786.000000 
26786.000000 
26786.000000 
26786.000000 
26786.000000 
26786.000000 
26786.000000 
26786.000000 
26786.000000 
26786.000000 
26852.000000 
26852.000000 
26852.000000 
26852.000000 
26918.000000 
26984.000000 
27057.000000 
27135.000000 
27135.000000 
27208.000000 
27281.000000 
27419.000000 
27559.000000 
27767.000000 
27767.000000 
27767.000000 
27907.000000 
27907.000000 
27980.000000 
28053.000000 
28053.000000 
28053.000000 
28114.000000 
28175.000000 
28175.000000 
28248.000000 
28248.000000 
28248.000000 
28325.000000 
28465.000000 
28465.000000 
28544.000000 
28544.000000 
28544.000000 
28544.000000 
28604.000000 
28604.000000 
28604.000000 
28604.000000 
28664.000000 
28664.000000 
28801.000000 
28873.000000 
28945.000000 
28945.000000 
29018.000000 
29090.000000 
29150.000000 
29301.000000 
29301.000000 
29301.000000 
29301.000000 
29361.000000 
29361.000000 
29428.000000 
29567.000000 
29634.000000 
29634.000000 
29701.000000 
29761.000000 
29761.000000 
29761.000000 
29761.000000 
29761.000000 
29761.000000 
29761.000000 
29761.000000 
29761.000000 
29761.000000 
29761.000000 
29761.000000 
29761.000000 
29761.000000 
29833.000000 
30063.000000 
30199.000000 
30416.000000 
30482.000000 
30635.000000 
30711.000000 
30711.000000 
30783.000000 
30934.000000 
31067.000000 
31206.000000 
31406.000000 
31620.000000 
31687.000000 
32049.000000 
32256.000000 
32473.000000 
32539.000000 
32539.000000 
32539.000000 
32539.000000 
32684.000000 
32820.000000 
32820.000000 
32880.000000 
32942.000000 
32942.000000 
33021.000000 
33085.000000 
33162.000000 
33162.000000 
33162.000000 
33162.000000 
33241.000000 
33320.000000 
33399.000000 
33399.000000 
33399.000000 
33399.000000 
33478.000000 
33478.000000 
33478.000000 
33626.000000 
33626.000000 
33705.000000 
33705.000000 
33781.000000 
33857.000000 
33857.000000 
33919.000000 
34058.000000 
34135.000000 
34212.000000 
34289.000000 
34495.000000 
34572.000000 
34572.000000 
34714.000000 
34932.000000 
34932.000000 
34998.000000 
35058.000000 
35132.000000 
35207.000000 
35347.000000 
35532.000000 
35672.000000 
35825.000000 
35885.000000 
35946.000000 
35946.000000 
36156.000000 
36307.000000 
36370.000000 
36517.000000 
36517.000000 
36743.000000 
36743.000000 
36743.000000 
36743.000000 
36878.000000 
36953.000000 
36953.000000 
37014.000000 
37089.000000 
37089.000000 
37089.000000 
37089.000000 
37089.000000 
37152.000000 
37152.000000 
37288.000000 
37361.000000 
37361.000000 
37434.000000 
37566.000000 
37639.000000 
37639.000000 
37828.000000 
38029.000000 
38291.000000 
38427.000000 
38427.000000 
38553.000000 
38613.000000 
38679.000000 
38679.000000 
38679.000000 
38752.000000 
38752.000000 
38827.000000 
38890.000000 
38965.000000 
39180.000000 
39180.000000 
39399.000000 
39478.000000 
39478.000000 
39555.000000 
39690.000000 
39690.000000 
39985.000000 
40282.000000 
40417.000000 
40417.000000 
40417.000000 
40490.000000 
40566.000000 
40718.000000 
40852.000000 
41074.000000 
41074.000000 
41152.000000 
41152.000000 
41152.000000 
41152.000000 
41224.000000 
41296.000000 
41366.000000 
41438.000000 
41568.000000 
41628.000000 
41628.000000 
41688.000000 
41823.000000 
41900.000000 
42037.000000 
42175.000000 
42239.000000 
42299.000000 
42299.000000 
42368.000000 
42441.000000 
42441.000000 
42441.000000 
42510.000000 
42510.000000 
42510.000000 
42574.000000 
42710.000000 
42779.000000 
42915.000000 
42975.000000 
42975.000000 
43116.000000 
43116.000000 
43385.000000 
43449.000000 
43513.000000 
43513.000000 
43513.000000 
43513.000000 
43513.000000 
43513.000000 
43575.000000 
43575.000000 
43575.000000 
43575.000000 
43575.000000 
43575.000000 
43727.000000 
43941.000000 
44002.000000 
44221.000000 
44221.000000 
44221.000000 
44221.000000 
44360.000000 
44509.000000 
44509.000000 
44509.000000 
44587.000000 
44657.000000 
44657.000000 
44657.000000 
44801.000000 
44867.000000 
45000.000000 
45127.000000 
45199.000000 
45260.000000 
45332.000000 
45332.000000 
45483.000000 
45556.000000 
45556.000000 
45634.000000 
45792.000000 
45792.000000 
45943.000000 
46022.000000 
46022.000000 
46102.000000 
46182.000000 
46258.000000 
46258.000000 
46398.000000 
46477.000000 
46553.000000 
46849.000000 
46849.000000 
46849.000000 
46994.000000 
47058.000000 
47124.000000 
47393.000000 
47524.000000 
47678.000000 
47823.000000 
47823.000000 
47895.000000 
47966.000000 
48038.000000 
48313.000000 
48651.000000 
48919.000000 
49124.000000 
49397.000000 
49539.000000 
49677.000000 
49808.000000 
49879.000000 
50012.000000 
50212.000000 
50212.000000 
50360.000000 
50360.000000 
50360.000000 
50435.000000 
50435.000000 
50514.000000 
50659.000000 
50659.000000 
50738.000000 
50738.000000 
50738.000000 
50738.000000 
50738.000000 
50808.000000 
50808.000000 
50871.000000 
50871.000000 
51012.000000 
51012.000000 
51145.000000 
51212.000000 
51212.000000 
51212.000000 
51212.000000 
51358.000000 
51430.000000 
51430.000000 
51567.000000 
51627.000000 
51627.000000 
51695.000000 
51832.000000 
51988.000000 
51988.000000 
52065.000000 
52199.000000 
52259.000000 
52259.000000 
52319.000000 
52393.000000 
52453.000000 
52453.000000 
52513.000000 
52730.000000 
52879.000000 
52953.000000 
52953.000000 
52953.000000 
53101.000000 
53168.000000 
53245.000000 
53245.000000 
53245.000000 
53316.000000 
53387.000000 
53387.000000 
53387.000000 
53387.000000 
53387.000000 
53387.000000 
53387.000000 
53387.000000 
53465.000000 
53543.000000 
53683.000000 
53885.000000 
53946.000000 
53946.000000 
54013.000000 
54013.000000 
54090.000000 
54167.000000 
54167.000000 
54167.000000 
54167.000000 
54167.000000 
54167.000000 
54167.000000 
54167.000000 
54230.000000 
54381.000000 
54448.000000 
54526.000000 
54667.000000 
54731.000000 
54809.000000 
54954.000000 
55021.000000 
55089.000000 
55167.000000 
55231.000000 
55231.000000 
55231.000000 
55231.000000 
55231.000000 
55231.000000 
55231.000000 
55231.000000 
55231.000000 
55231.000000 
55231.000000 
55231.000000 
55231.000000 
55375.000000 
55597.000000 
55675.000000 
55675.000000 
55829.000000 
55890.000000 
56043.000000 
56043.000000 
56043.000000 
56043.000000 
56043.000000 
56123.000000 
56197.000000 
56197.000000 
56264.000000 
56338.000000 
56338.000000 
56404.000000 
56470.000000 
56535.000000 
56600.000000 
56600.000000 
56674.000000 
56674.000000 
56754.000000 
56754.000000 
56967.000000 
57185.000000 
57337.000000 
57403.000000 
57403.000000 
57483.000000 
57616.000000 
57762.000000 
57762.000000 
57842.000000 
57975.000000 
58040.000000 
58191.000000 
58480.000000 
58480.000000 
58542.000000 
58752.000000 
58886.000000 
58886.000000 
59024.000000 
59151.000000 
59303.000000 
59456.000000 
59522.000000 
59522.000000 
59667.000000 
59733.000000 
59801.000000 
59874.000000 
59874.000000 
60008.000000 
60161.000000 
60161.000000 
60161.000000 
60378.000000 
60451.000000 
60451.000000 
60673.000000 
60818.000000 
60968.000000 
60968.000000 
60968.000000 
61107.000000 
61185.000000 
61413.000000 
61559.000000 
61559.000000 
61637.000000 
61637.000000 
61716.000000 
61794.000000 
61794.000000 
61794.000000 
61794.000000 
61854.000000 
61854.000000 
61854.000000 
61854.000000 
61854.000000 
61926.000000 
61990.000000 
62056.000000 
62117.000000 
62244.000000 
62458.000000 
62458.000000 
62458.000000 
62538.000000 
62538.000000 
62604.000000 
62670.000000 
62670.000000 
62732.000000 
62860.000000 
62987.000000 
63059.000000 
63059.000000 
63059.000000 
63119.000000 
63191.000000 
63251.000000 
63251.000000 
63311.000000 
63450.000000 
63511.000000 
63511.000000 
63577.000000 
63577.000000 
63577.000000 
63643.000000 
64016.000000 
64095.000000 
64248.000000 
64390.000000 
64390.000000 
64598.000000 
64660.000000 
64797.000000 
64797.000000 
64872.000000 
64947.000000 
65240.000000 
65451.000000 
65451.000000 
65530.000000 
65683.000000 
65683.000000 
65755.000000 
65827.000000 
65888.000000 
65960.000000 
66114.000000 
66186.000000 
66260.000000 
66260.000000 
66260.000000 
66332.000000 
66394.000000 
66549.000000 
66697.000000 
66841.000000 
66914.000000 
67126.000000 
67193.000000 
67266.000000 
67328.000000 
67328.000000 
67328.000000 
67405.000000 
67485.000000 
67485.000000 
67485.000000 
67555.000000 
67627.000000 
67627.000000 
67697.000000 
67697.000000 
67697.000000 
67767.000000 
67907.000000 
67907.000000 
67907.000000 
68042.000000 
68189.000000 
68257.000000 
68321.000000 
68321.000000 
68388.000000 
68388.000000 
68388.000000 
68583.000000 
68583.000000 
68662.000000 
68798.000000 
68866.000000 
68934.000000 
69000.000000 
69206.000000 
69206.000000 
69206.000000 
69344.000000 
69412.000000 
69546.000000 
69613.000000 
69613.000000 
69752.000000 
69911.000000 
70070.000000 
70216.000000 
70216.000000 
70363.000000 
70363.000000 
70442.000000 
70522.000000 
70600.000000 
70678.000000 
70830.000000 
70894.000000 
70958.000000 
71173.000000 
71313.000000 
71460.000000 
71538.000000 
71682.000000 
71682.000000 
71753.000000 
71901.000000 
72044.000000 
72044.000000 
72199.000000 
72356.000000 
