2.299541 
2.290162 
2.234715 
2.132871 
2.027964 
1.938184 
1.877639 
1.824627 
1.767519 
1.708104 
1.652119 
1.614758 
1.585983 
1.562934 
1.562012 
1.564642 
1.565988 
1.604444 
1.620021 
1.665854 
1.706926 
1.743669 
1.794785 
1.777527 
1.804648 
1.851732 
1.838762 
1.898388 
1.859428 
1.890315 
1.918364 
1.908946 
1.887025 
1.906691 
1.924404 
1.917949 
1.928573 
1.941562 
1.948908 
1.915711 
1.948835 
1.946759 
1.962321 
1.940823 
1.953844 
1.951205 
1.937995 
1.951028 
1.955151 
1.962041 
1.970442 
1.969662 
1.986166 
1.970733 
2.010684 
1.963415 
1.979304 
1.974147 
1.953728 
1.999382 
1.982513 
2.003560 
1.992703 
2.014764 
2.020032 
2.016910 
2.012713 
2.009589 
1.999554 
2.001846 
1.999858 
2.009038 
2.046307 
2.035164 
2.022019 
2.021890 
2.055364 
2.069496 
2.037243 
2.040492 
2.032232 
2.036197 
2.033300 
2.064648 
2.047960 
2.051410 
2.067011 
2.053765 
2.029799 
2.044415 
2.055046 
2.053498 
2.052766 
2.077073 
2.104207 
2.084806 
2.082132 
2.086800 
2.103556 
2.089656 
2.066157 
2.084567 
2.091845 
2.082623 
2.098602 
2.089769 
2.094796 
2.125362 
2.083222 
2.077718 
2.085067 
2.120104 
2.102348 
2.103571 
2.089538 
2.111026 
2.105840 
2.103715 
2.085442 
2.118622 
2.104677 
2.132351 
2.115878 
2.134808 
2.132833 
2.168546 
2.129910 
2.124244 
2.140503 
2.134871 
2.122333 
2.113796 
2.134043 
2.121124 
2.116682 
2.139224 
2.139821 
2.159607 
2.144976 
2.162850 
2.160803 
2.151492 
2.156724 
2.147895 
2.148888 
2.165507 
2.159012 
2.137541 
2.158398 
2.132730 
2.184834 
2.152500 
2.163490 
2.167355 
2.173877 
2.183873 
2.178521 
2.171421 
2.137356 
2.165917 
2.164116 
2.166402 
2.206637 
2.192216 
2.174638 
2.163829 
2.160481 
2.185548 
2.197124 
2.180452 
2.181601 
2.195223 
2.209517 
2.219669 
2.186634 
2.206560 
2.217754 
2.180100 
2.208912 
2.211426 
2.197883 
2.229622 
2.190639 
2.205519 
2.217556 
2.213758 
2.203789 
2.244406 
2.233645 
2.196772 
2.254785 
2.225350 
2.230218 
2.265422 
2.261259 
2.241092 
2.220053 
2.251011 
2.222925 
2.235376 
2.265245 
2.261985 
2.250227 
2.248600 
2.250454 
2.233966 
2.239717 
2.218425 
2.232948 
2.207613 
2.240749 
2.277072 
2.279467 
2.269749 
2.259680 
2.265527 
2.266653 
2.268425 
2.270696 
2.280121 
2.273068 
2.275277 
2.299355 
2.280379 
2.292394 
2.286268 
2.253298 
2.291779 
2.298075 
2.285440 
2.286298 
2.280506 
2.301467 
2.312665 
2.291704 
2.302215 
2.316827 
2.298635 
2.317009 
2.309759 
2.285138 
2.313863 
2.318705 
2.309782 
2.305224 
2.317933 
2.319773 
2.339024 
2.296325 
2.289758 
2.345842 
2.316774 
2.297292 
2.298663 
2.326397 
2.339246 
2.347352 
2.323914 
2.347992 
2.336253 
2.335807 
2.355754 
2.368188 
2.309648 
2.319145 
2.319021 
2.285186 
2.347485 
2.335572 
2.330384 
2.365199 
2.365840 
2.347644 
2.372816 
2.376204 
2.349730 
2.391871 
2.384528 
2.425152 
2.401758 
2.372016 
2.347304 
2.357207 
2.379873 
2.403488 
2.372800 
2.377305 
2.396599 
2.382393 
2.379721 
2.401354 
2.413313 
2.415979 
2.397699 
2.404441 
2.417536 
2.411277 
2.394973 
2.423609 
2.430380 
2.446408 
2.447293 
2.414227 
2.421399 
2.407703 
2.418076 
2.409081 
2.414412 
2.457469 
2.424606 
2.455151 
2.451139 
2.421815 
2.435502 
2.429289 
2.457063 
2.469004 
2.427316 
2.434214 
2.431743 
2.454917 
2.476185 
2.444864 
2.445997 
2.411544 
2.440640 
2.397895 
2.440605 
2.418842 
2.440336 
2.491035 
2.519972 
2.451717 
2.495544 
2.467124 
2.481106 
2.480440 
2.465690 
2.511648 
2.523869 
2.486313 
2.486329 
2.506045 
2.528863 
2.500899 
2.498274 
2.481428 
2.499284 
2.533564 
2.485907 
2.487388 
2.523204 
2.493266 
2.522401 
2.496243 
2.485133 
2.487802 
2.543808 
2.499664 
2.554310 
2.559612 
2.542943 
2.539065 
2.541451 
2.521914 
2.522683 
2.525687 
2.553743 
2.527052 
2.527635 
2.572579 
2.502475 
2.537541 
2.568120 
2.560739 
2.541444 
2.550601 
2.533935 
2.531046 
2.551896 
2.542590 
2.561491 
2.533196 
2.547866 
2.585665 
2.593875 
2.555800 
2.571627 
2.558620 
2.542347 
2.593519 
2.527966 
2.611416 
2.576005 
2.558070 
2.573360 
2.624153 
2.629542 
2.607348 
2.603671 
2.612826 
2.584981 
2.596529 
2.608313 
2.600170 
2.593930 
2.633592 
2.629671 
2.666368 
2.640222 
2.629659 
2.614434 
2.613219 
2.614030 
2.637715 
2.631668 
2.655166 
2.672707 
2.643979 
2.672067 
2.623585 
2.644527 
2.616603 
2.647504 
2.649408 
2.650823 
2.658831 
2.700743 
2.685039 
2.664137 
2.654795 
2.727257 
2.678554 
2.630042 
2.651788 
2.639622 
2.667994 
2.689902 
2.638280 
2.676480 
2.681378 
2.672874 
2.685625 
2.634337 
2.662235 
2.663518 
2.681032 
2.689888 
2.731632 
2.679338 
2.707013 
2.726439 
2.718689 
2.684494 
2.691537 
2.728272 
2.748697 
2.720467 
2.697862 
2.757685 
2.709728 
2.742989 
2.743925 
2.715393 
2.756575 
2.714722 
2.728619 
2.760035 
2.752475 
2.734628 
2.764233 
2.736383 
2.775418 
2.803012 
2.750343 
2.776484 
2.754469 
2.761546 
2.755073 
2.754623 
2.760353 
2.760231 
2.775866 
2.778877 
2.779241 
2.775756 
2.755892 
2.764933 
2.752885 
2.722237 
2.744780 
2.783750 
2.804186 
2.810028 
2.811340 
2.789077 
2.794915 
2.817704 
2.784369 
2.793868 
2.815547 
2.844817 
2.836325 
2.790099 
2.799835 
2.791786 
2.809080 
2.806895 
2.787224 
2.817072 
2.830251 
2.841227 
2.817265 
2.778968 
2.820477 
2.823287 
2.829602 
2.836827 
2.810237 
2.840234 
2.858438 
2.836236 
2.865772 
2.850360 
2.826918 
2.857503 
2.856776 
2.874314 
2.903406 
2.851551 
2.853648 
2.877577 
2.867407 
2.907675 
2.880435 
2.892780 
2.872503 
2.904607 
2.896359 
2.892845 
2.899192 
2.888360 
2.863544 
2.890506 
2.889872 
2.858430 
2.882624 
2.912066 
2.904624 
2.933231 
2.917107 
2.937370 
2.887581 
2.921454 
2.911955 
2.909420 
2.967966 
2.955785 
2.956165 
2.919242 
2.933503 
2.913302 
2.940981 
2.906772 
2.923234 
2.927453 
2.927151 
2.911896 
2.976125 
2.949993 
2.992739 
2.936905 
2.966913 
2.939994 
2.999406 
2.965374 
2.944268 
2.929260 
2.980577 
2.966509 
2.953287 
2.960737 
2.986867 
2.987442 
2.984181 
2.960358 
2.997748 
3.035041 
3.007329 
3.029704 
3.064672 
3.004487 
3.027722 
3.012124 
3.029237 
3.077681 
3.041586 
2.992227 
3.018077 
3.069993 
3.023215 
3.055893 
3.032613 
3.059763 
3.020484 
3.016340 
3.053833 
3.050040 
3.039961 
3.021337 
3.031304 
3.060240 
3.026342 
3.053846 
3.030469 
3.060361 
3.059133 
3.073482 
3.049513 
3.061283 
3.065057 
3.095096 
3.073145 
3.055112 
3.096060 
3.101768 
3.077110 
3.079381 
3.057291 
3.095498 
3.117946 
3.071735 
3.090001 
3.097441 
3.110124 
3.074488 
3.107855 
3.092166 
3.120632 
3.111982 
3.090491 
3.090711 
3.111933 
3.114909 
3.142192 
3.201792 
3.127687 
3.158238 
3.157679 
3.169519 
3.174197 
3.112997 
3.141987 
3.165724 
3.225796 
3.174140 
3.156514 
3.190007 
3.158985 
3.166310 
3.127380 
3.172410 
3.202358 
3.174507 
3.201398 
3.195619 
3.142935 
3.141150 
3.146216 
3.178660 
3.187672 
3.157339 
3.219553 
3.179199 
3.199396 
3.158982 
3.156958 
3.222139 
3.191882 
3.212750 
3.242460 
3.201590 
3.220247 
3.201514 
3.182356 
3.215245 
3.221360 
3.207069 
3.190350 
3.199075 
3.227704 
3.246245 
3.242104 
3.272331 
3.212026 
3.235674 
3.207979 
3.282770 
3.276631 
3.238442 
3.198394 
3.249698 
3.274785 
3.269472 
3.281708 
3.276101 
3.286202 
3.275915 
3.326625 
3.257363 
3.270049 
3.294929 
3.296262 
3.273356 
3.294580 
3.294069 
3.267724 
3.308367 
3.240219 
3.287411 
3.315092 
3.318768 
3.288369 
3.292126 
3.273053 
3.261212 
3.246859 
3.268695 
3.251218 
3.301471 
3.297002 
3.342274 
3.289468 
3.334168 
3.280620 
3.284702 
3.316454 
3.330982 
3.393286 
3.316323 
3.334880 
3.336092 
3.341492 
3.379383 
3.392189 
3.380401 
3.344525 
3.364564 
3.343572 
3.371446 
3.358307 
3.372035 
3.353543 
3.317587 
3.332251 
3.342385 
3.362187 
3.367819 
3.356551 
3.365525 
3.358010 
3.382820 
3.391952 
3.421714 
3.420268 
3.420665 
3.464895 
3.405831 
3.422596 
3.430759 
3.437537 
3.387212 
3.405892 
3.410072 
3.429643 
3.427479 
3.425619 
3.413019 
3.450069 
3.439731 
3.442019 
3.413526 
3.472259 
3.475847 
3.441922 
3.516007 
3.480116 
3.469855 
3.432194 
3.449092 
3.467076 
3.415459 
3.425510 
3.473031 
3.463940 
3.474460 
3.481584 
3.479703 
3.457239 
3.483880 
3.504852 
3.513580 
3.469889 
3.499034 
3.458085 
3.478626 
3.495269 
3.560549 
3.538121 
3.513679 
3.516794 
3.513028 
3.507082 
3.488259 
3.487447 
3.519315 
3.516263 
3.519285 
3.511060 
3.543992 
3.538994 
3.501205 
3.568238 
3.558658 
3.537706 
3.479175 
3.513909 
3.542582 
3.552973 
3.582786 
3.592979 
3.624147 
3.586945 
3.591831 
3.569344 
3.600077 
3.577378 
3.598153 
3.645454 
3.612188 
3.585351 
3.603063 
3.624588 
3.587179 
3.604263 
3.616268 
3.592896 
3.595984 
3.608295 
3.589822 
3.692978 
3.621772 
3.659766 
3.661289 
3.625523 
3.612971 
3.614741 
3.680391 
3.605824 
3.628708 
3.622203 
3.618744 
3.635364 
3.593399 
3.613941 
3.712410 
3.647654 
3.668380 
3.678164 
3.625902 
3.625751 
3.628498 
3.704786 
3.688214 
3.661905 
3.675868 
3.713984 
3.660998 
3.689743 
3.632946 
3.655501 
3.722002 
3.654534 
3.659055 
3.653199 
3.683571 
3.662991 
3.710078 
3.691293 
3.699033 
3.699033 
3.681753 
3.721917 
3.756032 
3.730271 
3.744741 
3.715892 
3.714903 
3.719795 
3.766384 
3.755958 
3.743926 
3.742136 
3.687740 
3.706702 
3.699807 
3.791283 
3.756798 
3.739028 
3.737928 
3.777959 
3.733495 
3.786074 
3.737064 
3.762742 
3.728038 
3.765828 
3.762188 
3.740821 
3.758424 
3.760613 
3.747524 
3.791635 
3.741457 
3.772948 
3.735781 
3.759008 
3.802372 
3.802704 
3.839222 
3.843398 
3.783269 
3.805091 
3.811843 
3.862562 
3.835007 
3.821558 
3.792420 
3.840346 
3.802919 
3.824486 
3.793803 
3.815248 
3.816871 
3.844575 
3.829148 
3.854857 
3.845332 
3.822675 
3.800148 
3.853923 
3.867395 
3.862688 
3.824309 
3.825903 
3.869719 
3.870878 
3.866322 
3.808552 
3.838658 
3.857508 
3.851290 
3.836532 
3.857212 
3.851439 
3.854954 
3.859861 
3.892818 
3.906198 
3.923277 
3.853359 
3.902955 
3.905059 
3.875415 
3.891599 
3.889517 
3.900427 
3.870194 
3.868241 
3.907652 
3.917289 
3.857162 
3.931836 
3.910253 
3.931291 
3.960661 
3.922753 
3.946717 
3.969834 
3.920898 
3.911814 
3.947764 
3.932381 
3.916112 
3.911939 
3.934830 
3.946761 
3.962257 
3.932480 
3.922302 
