11.730000 
14.140000 
19.100000 
23.670000 
26.719999 
29.330000 
31.840000 
33.500000 
35.709999 
38.060001 
40.119999 
42.099998 
43.470001 
44.389999 
45.930000 
46.520000 
47.480000 
47.869999 
48.709999 
48.189999 
48.400002 
48.580002 
48.799999 
48.380001 
48.779999 
49.099998 
49.099998 
48.980000 
49.180000 
48.680000 
48.669998 
48.500000 
48.759998 
49.270000 
48.830002 
49.110001 
48.740002 
49.230000 
49.110001 
49.570000 
48.980000 
49.410000 
49.599998 
49.549999 
49.860001 
49.520000 
49.630001 
50.189999 
50.130001 
50.080002 
49.910000 
49.689999 
49.990002 
50.040001 
50.250000 
50.320000 
50.500000 
50.320000 
50.840000 
50.509998 
50.779999 
50.840000 
50.880001 
50.849998 
51.000000 
50.720001 
50.950001 
50.959999 
51.270000 
51.299999 
51.330002 
51.250000 
51.419998 
51.090000 
51.189999 
51.259998 
51.209999 
51.020000 
51.270000 
51.590000 
51.790001 
51.270000 
51.480000 
52.040001 
51.310001 
51.970001 
51.919998 
51.560001 
51.590000 
51.570000 
51.660000 
51.570000 
51.650002 
51.740002 
51.549999 
51.599998 
51.509998 
51.680000 
51.599998 
51.790001 
51.320000 
51.410000 
51.490002 
51.939999 
51.910000 
51.779999 
51.639999 
51.820000 
52.090000 
52.009998 
51.709999 
51.810001 
52.060001 
52.049999 
52.099998 
52.020000 
52.349998 
52.240002 
52.119999 
51.939999 
52.389999 
52.000000 
52.169998 
52.060001 
51.830002 
51.980000 
52.060001 
52.110001 
52.369999 
52.209999 
52.119999 
52.349998 
52.320000 
51.900002 
52.139999 
52.480000 
52.279999 
52.520000 
52.880001 
52.389999 
52.310001 
52.279999 
52.090000 
52.270000 
52.490002 
52.830002 
52.160000 
52.570000 
51.939999 
52.200001 
52.669998 
52.150002 
52.090000 
52.189999 
52.310001 
52.410000 
52.430000 
52.340000 
52.299999 
52.230000 
52.790001 
52.650002 
52.680000 
52.840000 
52.680000 
52.330002 
52.410000 
52.570000 
52.340000 
52.610001 
52.930000 
52.480000 
52.630001 
52.240002 
52.520000 
52.639999 
52.250000 
52.310001 
52.700001 
52.150002 
52.200001 
52.290001 
52.509998 
52.400002 
52.040001 
52.360001 
52.680000 
52.619999 
52.279999 
52.500000 
52.639999 
52.099998 
52.380001 
52.430000 
52.369999 
52.450001 
52.200001 
52.560001 
52.549999 
52.189999 
52.180000 
52.310001 
52.560001 
52.560001 
52.180000 
52.240002 
52.389999 
52.560001 
51.959999 
52.470001 
52.169998 
52.230000 
52.630001 
52.419998 
52.650002 
52.560001 
52.480000 
52.189999 
52.200001 
52.500000 
52.310001 
51.970001 
52.230000 
52.279999 
51.830002 
51.900002 
52.410000 
52.189999 
52.189999 
52.400002 
52.209999 
52.389999 
52.080002 
52.119999 
51.910000 
51.959999 
51.849998 
51.790001 
51.939999 
52.230000 
52.270000 
52.290001 
52.240002 
52.130001 
52.099998 
52.259998 
52.009998 
52.060001 
51.919998 
52.119999 
52.110001 
51.910000 
51.750000 
52.250000 
52.040001 
52.020000 
52.119999 
51.790001 
52.160000 
51.830002 
51.830002 
51.660000 
52.070000 
52.299999 
52.349998 
51.959999 
51.880001 
52.000000 
52.000000 
52.070000 
51.750000 
51.939999 
52.090000 
52.119999 
52.060001 
51.980000 
52.070000 
52.099998 
52.099998 
51.900002 
52.070000 
52.070000 
52.169998 
51.840000 
52.200001 
52.060001 
51.869999 
52.320000 
51.910000 
51.830002 
52.130001 
52.340000 
52.040001 
52.070000 
51.820000 
52.139999 
52.110001 
51.820000 
52.049999 
51.980000 
51.939999 
51.770000 
51.700001 
51.779999 
51.610001 
51.680000 
51.930000 
52.150002 
52.029999 
51.880001 
51.549999 
52.119999 
52.080002 
52.009998 
52.130001 
52.160000 
51.779999 
51.630001 
51.889999 
51.990002 
52.099998 
51.910000 
52.090000 
52.009998 
51.900002 
52.209999 
52.040001 
51.709999 
52.380001 
52.070000 
52.240002 
52.310001 
52.189999 
51.869999 
51.889999 
51.950001 
52.099998 
51.939999 
51.860001 
52.060001 
51.799999 
51.930000 
51.580002 
52.049999 
51.830002 
51.410000 
51.939999 
51.990002 
51.820000 
51.570000 
52.169998 
52.369999 
51.660000 
52.040001 
51.790001 
51.709999 
51.529999 
51.930000 
51.580002 
52.099998 
51.599998 
51.930000 
51.529999 
51.830002 
52.110001 
51.959999 
52.070000 
52.200001 
52.209999 
51.730000 
52.040001 
52.150002 
51.950001 
51.919998 
51.970001 
52.110001 
52.000000 
51.880001 
52.049999 
52.099998 
52.029999 
52.020000 
51.799999 
51.750000 
51.939999 
51.520000 
52.099998 
52.070000 
51.770000 
51.880001 
52.230000 
51.869999 
51.930000 
51.740002 
51.689999 
51.880001 
51.650002 
51.900002 
51.950001 
51.900002 
51.709999 
51.490002 
51.520000 
51.790001 
51.599998 
51.830002 
51.860001 
52.029999 
51.900002 
52.080002 
52.009998 
51.980000 
52.020000 
51.950001 
51.610001 
51.680000 
51.439999 
52.000000 
51.990002 
51.630001 
51.549999 
51.750000 
51.700001 
51.549999 
51.770000 
51.590000 
51.799999 
51.730000 
51.869999 
51.950001 
51.650002 
51.820000 
52.310001 
51.830002 
51.639999 
51.709999 
51.700001 
52.040001 
51.950001 
51.779999 
51.830002 
51.349998 
51.849998 
51.570000 
51.919998 
51.790001 
51.599998 
52.110001 
51.959999 
51.680000 
51.730000 
52.080002 
51.889999 
51.779999 
51.810001 
51.660000 
51.580002 
51.669998 
51.630001 
51.790001 
51.580002 
51.380001 
51.750000 
51.740002 
51.270000 
51.619999 
51.650002 
51.389999 
51.930000 
51.630001 
51.509998 
51.810001 
51.630001 
51.290001 
51.340000 
51.900002 
51.490002 
51.349998 
51.480000 
51.720001 
52.110001 
52.009998 
51.790001 
51.759998 
51.709999 
51.730000 
51.490002 
51.779999 
51.619999 
51.790001 
51.700001 
51.980000 
51.500000 
51.549999 
51.509998 
51.639999 
51.669998 
51.590000 
51.160000 
51.509998 
51.240002 
51.650002 
51.470001 
51.509998 
51.540001 
51.619999 
51.340000 
51.369999 
50.849998 
51.310001 
51.189999 
51.400002 
51.669998 
51.189999 
51.330002 
51.680000 
52.070000 
51.779999 
51.419998 
51.480000 
51.570000 
51.459999 
51.580002 
51.160000 
51.360001 
51.470001 
51.570000 
51.730000 
51.610001 
51.709999 
51.400002 
51.209999 
51.279999 
51.480000 
51.200001 
51.509998 
51.320000 
51.400002 
51.720001 
51.570000 
51.520000 
51.570000 
51.689999 
51.720001 
51.630001 
51.930000 
51.840000 
51.830002 
51.639999 
51.799999 
51.770000 
51.610001 
51.580002 
51.709999 
51.639999 
51.520000 
51.439999 
51.189999 
51.470001 
51.660000 
51.580002 
51.419998 
51.320000 
51.279999 
51.520000 
51.650002 
51.410000 
51.230000 
51.139999 
51.209999 
51.580002 
51.130001 
51.290001 
51.540001 
51.430000 
51.299999 
51.380001 
51.160000 
51.320000 
51.639999 
51.389999 
51.419998 
51.439999 
51.639999 
51.509998 
51.290001 
51.119999 
51.279999 
51.540001 
51.279999 
51.200001 
51.400002 
51.610001 
51.270000 
51.500000 
51.369999 
51.560001 
51.389999 
51.270000 
51.340000 
51.680000 
51.290001 
51.130001 
51.130001 
51.259998 
51.189999 
51.520000 
51.279999 
51.290001 
51.419998 
50.970001 
51.529999 
51.660000 
51.580002 
51.570000 
51.669998 
51.380001 
51.090000 
50.869999 
50.799999 
50.730000 
51.000000 
51.040001 
51.250000 
51.320000 
51.320000 
51.299999 
51.160000 
51.200001 
51.279999 
51.049999 
51.169998 
50.740002 
51.009998 
51.060001 
50.830002 
51.099998 
51.240002 
51.049999 
51.139999 
51.509998 
51.150002 
51.080002 
51.080002 
51.369999 
51.419998 
51.349998 
51.180000 
51.189999 
51.040001 
51.230000 
51.090000 
51.389999 
51.220001 
50.900002 
51.200001 
51.500000 
51.279999 
50.880001 
51.240002 
51.169998 
51.080002 
51.000000 
51.020000 
50.980000 
51.139999 
51.150002 
50.700001 
50.619999 
50.860001 
50.689999 
51.369999 
51.520000 
51.160000 
50.869999 
50.980000 
51.090000 
51.160000 
51.189999 
51.380001 
50.950001 
51.060001 
50.959999 
50.799999 
50.529999 
51.099998 
50.919998 
50.860001 
50.470001 
50.790001 
51.020000 
50.900002 
50.689999 
50.900002 
50.610001 
50.880001 
50.660000 
51.139999 
51.130001 
51.110001 
50.709999 
50.950001 
51.209999 
50.669998 
50.820000 
50.750000 
51.070000 
50.820000 
50.919998 
50.740002 
50.950001 
50.480000 
50.730000 
50.689999 
50.939999 
50.860001 
50.880001 
50.959999 
50.639999 
50.910000 
50.720001 
50.820000 
50.930000 
50.860001 
50.720001 
51.040001 
50.950001 
50.700001 
50.720001 
50.849998 
50.950001 
50.830002 
50.840000 
50.419998 
50.529999 
50.650002 
50.709999 
50.570000 
50.790001 
50.400002 
50.599998 
50.959999 
51.060001 
50.880001 
50.750000 
50.939999 
50.720001 
50.919998 
50.740002 
50.779999 
50.930000 
51.020000 
50.740002 
50.939999 
50.610001 
50.810001 
50.849998 
50.700001 
50.410000 
50.500000 
50.470001 
50.480000 
50.830002 
50.759998 
50.880001 
50.799999 
50.380001 
50.549999 
50.799999 
50.410000 
50.860001 
50.369999 
50.770000 
50.810001 
50.880001 
50.400002 
50.740002 
50.759998 
50.830002 
50.549999 
50.590000 
50.110001 
50.709999 
50.669998 
50.060001 
50.650002 
50.650002 
50.549999 
50.799999 
50.869999 
50.470001 
50.160000 
50.320000 
50.310001 
50.410000 
50.610001 
50.580002 
50.570000 
50.459999 
50.730000 
50.520000 
50.770000 
50.389999 
50.400002 
50.410000 
50.639999 
50.330002 
50.360001 
50.470001 
50.389999 
50.259998 
50.220001 
50.209999 
50.410000 
50.360001 
50.360001 
50.119999 
50.529999 
50.209999 
50.259998 
50.240002 
50.070000 
50.070000 
50.270000 
50.310001 
50.400002 
50.570000 
50.049999 
50.389999 
50.290001 
50.349998 
50.040001 
50.180000 
50.430000 
50.180000 
50.090000 
50.320000 
50.080002 
50.599998 
50.410000 
50.270000 
50.330002 
50.419998 
50.040001 
50.080002 
50.470001 
50.360001 
50.540001 
50.240002 
49.790001 
50.209999 
50.220001 
50.209999 
50.220001 
50.119999 
50.029999 
50.340000 
50.299999 
50.220001 
50.080002 
50.439999 
50.119999 
50.200001 
50.049999 
50.360001 
50.080002 
50.180000 
50.160000 
50.520000 
50.360001 
50.360001 
50.000000 
50.560001 
50.349998 
50.080002 
50.130001 
50.139999 
50.139999 
50.189999 
50.029999 
49.990002 
50.169998 
49.990002 
50.270000 
49.880001 
50.020000 
50.160000 
50.619999 
50.070000 
50.279999 
50.299999 
50.259998 
50.290001 
50.369999 
50.160000 
50.439999 
50.209999 
50.009998 
50.180000 
49.990002 
50.340000 
50.119999 
50.360001 
50.250000 
50.049999 
49.990002 
50.369999 
50.290001 
50.529999 
50.060001 
50.130001 
50.150002 
50.189999 
49.840000 
50.230000 
49.980000 
49.889999 
50.200001 
50.330002 
49.980000 
50.250000 
49.980000 
50.410000 
49.970001 
49.939999 
49.869999 
49.959999 
50.070000 
49.959999 
49.900002 
50.160000 
49.919998 
49.990002 
50.110001 
49.810001 
50.049999 
49.880001 
50.040001 
49.880001 
49.430000 
49.950001 
49.560001 
49.680000 
49.840000 
49.700001 
49.720001 
49.759998 
49.900002 
49.840000 
49.799999 
50.029999 
49.910000 
49.900002 
50.130001 
50.139999 
50.180000 
49.959999 
49.820000 
49.529999 
49.770000 
49.529999 
49.810001 
49.590000 
49.730000 
49.669998 
49.860001 
49.820000 
49.730000 
49.770000 
50.040001 
50.279999 
50.279999 
50.099998 
49.959999 
50.150002 
49.880001 
49.610001 
49.810001 
50.049999 
49.880001 
49.650002 
49.660000 
49.910000 
49.880001 
49.990002 
49.880001 
49.770000 
49.950001 
49.860001 
50.080002 
49.900002 
49.820000 
49.790001 
49.910000 
49.570000 
49.810001 
49.869999 
49.980000 
49.869999 
49.970001 
