2.301604 
2.297437 
2.283419 
2.209364 
2.017219 
1.917585 
1.862929 
1.794134 
1.733507 
1.676584 
1.642238 
1.594603 
1.574577 
1.563135 
1.574871 
1.616759 
1.675630 
1.746906 
1.837954 
1.928346 
1.996182 
2.054491 
2.084560 
2.120618 
2.157666 
2.146941 
2.205291 
2.234335 
2.233444 
2.216136 
2.275611 
2.291934 
2.310054 
2.339638 
2.348784 
2.328039 
2.347465 
2.348876 
2.393364 
2.412514 
2.396294 
2.391008 
2.416639 
2.451438 
2.463574 
2.482353 
2.507010 
2.510257 
2.528887 
2.537337 
2.559276 
2.581201 
2.592303 
2.599025 
2.613558 
2.625097 
2.645461 
2.655150 
2.669843 
2.658192 
2.657990 
2.659351 
2.603375 
2.570543 
2.595403 
2.662032 
2.665813 
2.701283 
2.718495 
2.718357 
2.753750 
2.786616 
2.812610 
2.827460 
2.855496 
2.827101 
2.858523 
2.880117 
2.849311 
2.907609 
2.942190 
2.939252 
2.902993 
2.922134 
2.932895 
2.948264 
2.965493 
2.970607 
2.966825 
3.001097 
3.032536 
3.033296 
3.081672 
3.093974 
3.121078 
3.124369 
3.138834 
3.125719 
3.092254 
3.157387 
3.206075 
3.235493 
3.255449 
3.263032 
3.208296 
3.237315 
3.267451 
3.197436 
3.295816 
3.316503 
3.355993 
3.362793 
3.369779 
3.407443 
3.412195 
3.437255 
3.431154 
3.452759 
3.495112 
3.541020 
3.512205 
3.562714 
3.493340 
3.508336 
3.549244 
3.605439 
3.640053 
3.609059 
3.680346 
3.642571 
3.725672 
3.752590 
3.757987 
3.810981 
3.838954 
3.737843 
3.845676 
3.854470 
3.892304 
3.904509 
3.927416 
3.947149 
4.005550 
3.967908 
4.036019 
4.040903 
4.071745 
3.999939 
4.020448 
4.000731 
4.018245 
4.040154 
4.052926 
4.064911 
4.114910 
4.118561 
4.149025 
4.155038 
4.167806 
4.233932 
4.292905 
4.265020 
4.317669 
4.352906 
4.416928 
4.390577 
4.367033 
4.427342 
4.353127 
4.443860 
4.432831 
4.534172 
4.468157 
4.584651 
4.607661 
4.607250 
4.609415 
4.607977 
4.682074 
4.575297 
4.649923 
4.653382 
4.691239 
4.714954 
4.746000 
4.753170 
4.813280 
4.875170 
4.724927 
4.796405 
4.818076 
4.838783 
4.860402 
4.686057 
4.821326 
4.920298 
4.983331 
4.949906 
4.944794 
4.958594 
4.942809 
4.822903 
4.819460 
4.929237 
4.922631 
4.944390 
5.041539 
5.124489 
5.194365 
5.249070 
5.280536 
5.293653 
5.129719 
5.092189 
4.953542 
4.942949 
4.982168 
4.626159 
4.718704 
4.767564 
4.836834 
4.579554 
4.737625 
4.779365 
4.807058 
4.773709 
4.781047 
4.816732 
4.838473 
4.805004 
4.817913 
4.786948 
4.922333 
4.935475 
4.985030 
5.054266 
5.147295 
5.221720 
5.211103 
5.124088 
5.166303 
5.068305 
5.013557 
5.040327 
5.011695 
4.993396 
5.105423 
5.180440 
5.188543 
5.181251 
5.278532 
5.221067 
5.127390 
5.247230 
5.105762 
5.243754 
5.295342 
5.341728 
5.421326 
5.492871 
5.549119 
5.598424 
5.568368 
5.537444 
5.615998 
5.663478 
5.717464 
5.751749 
5.790241 
5.828394 
5.760461 
5.816413 
5.858763 
5.747086 
5.828786 
5.880234 
5.919252 
5.951832 
5.885893 
5.933543 
5.972015 
6.008380 
6.034418 
6.063343 
6.094870 
6.119795 
6.143044 
6.170060 
6.189398 
6.214578 
6.063320 
5.853530 
5.848584 
5.615093 
5.582348 
5.552949 
5.588133 
5.701449 
5.714354 
5.780244 
5.856418 
5.913318 
5.958785 
6.007684 
5.913043 
5.879205 
5.854463 
5.779406 
5.698666 
5.528486 
5.372460 
5.413215 
5.332355 
5.341197 
5.385142 
5.462691 
5.563163 
5.658555 
5.732054 
5.794615 
5.849183 
5.894906 
5.937209 
5.982644 
6.020959 
6.057581 
6.090333 
6.123581 
6.152464 
6.180543 
6.032273 
6.096601 
6.142792 
6.187016 
6.220977 
6.252558 
6.279759 
6.300540 
6.327990 
6.351321 
6.375213 
6.395410 
6.239605 
6.142063 
6.104548 
5.932913 
5.594914 
5.462513 
5.363106 
5.320638 
5.263884 
5.283832 
5.446478 
5.528243 
5.513955 
5.533417 
5.664897 
5.762259 
5.838797 
5.906913 
5.962742 
6.017098 
6.064569 
6.104014 
6.145636 
6.180427 
6.214547 
6.245742 
6.274874 
6.303436 
6.329951 
6.355856 
6.380194 
6.404931 
6.428180 
6.449985 
6.471724 
6.206816 
6.158057 
6.128764 
6.146610 
6.240611 
6.306767 
6.203230 
6.054104 
6.101484 
6.046879 
6.108433 
6.160755 
6.203547 
6.235900 
6.206427 
6.287428 
6.344543 
6.386420 
6.422015 
6.326188 
6.206035 
6.312284 
6.382442 
6.436419 
6.389090 
6.403876 
6.310805 
6.199429 
6.242221 
6.010763 
6.007744 
6.035251 
6.103071 
6.197785 
6.260480 
6.319263 
6.373272 
6.418527 
6.473553 
6.231841 
5.968986 
5.827403 
5.589827 
5.410854 
5.236815 
5.171681 
5.371370 
5.516185 
5.613051 
5.730946 
5.824845 
5.900144 
5.964654 
6.026245 
6.077834 
6.123789 
6.167264 
6.127505 
6.075596 
6.138160 
6.192202 
6.238552 
5.994798 
6.107777 
6.183061 
6.239594 
6.287270 
6.325180 
6.361967 
6.395154 
6.426458 
6.454520 
6.480243 
6.506521 
6.530394 
6.552901 
6.575376 
6.597086 
6.616389 
6.637112 
6.649952 
6.666358 
6.530048 
6.442947 
6.307672 
6.374544 
6.427862 
6.246518 
6.363384 
6.434104 
6.488331 
6.531711 
6.569617 
6.602715 
6.631793 
6.658863 
6.683424 
6.533883 
6.581643 
6.618541 
6.650721 
6.679905 
6.706020 
6.729657 
6.749439 
6.769035 
6.788654 
6.807645 
6.825340 
6.842206 
6.858893 
6.874062 
6.889617 
6.904959 
6.754394 
6.803369 
6.705770 
6.357572 
6.075903 
5.880893 
5.943610 
6.058654 
6.176731 
6.157747 
6.231411 
6.319900 
6.094331 
6.116852 
6.226569 
6.327399 
6.379532 
6.434304 
6.480852 
6.521617 
6.560946 
6.613991 
6.533350 
6.579712 
6.619671 
6.586169 
6.637188 
6.680051 
6.729876 
6.768886 
6.797048 
6.824022 
6.850734 
6.874008 
6.893872 
6.911646 
6.931248 
6.948906 
6.965707 
6.982365 
6.850920 
6.860613 
6.893518 
6.687520 
6.738004 
6.748100 
6.572677 
6.476209 
6.579429 
6.441792 
6.562217 
6.523156 
6.610956 
6.550785 
6.614451 
6.663575 
6.707437 
6.745491 
6.779894 
6.811883 
6.839782 
6.836918 
6.857011 
6.897208 
6.927319 
6.952733 
6.974305 
6.994200 
7.013562 
7.034581 
7.058430 
7.075701 
7.094387 
6.707632 
6.579754 
6.505190 
6.516605 
6.619875 
6.693045 
6.747725 
6.794789 
6.835808 
6.873520 
6.904338 
6.934254 
6.962252 
6.986573 
7.009812 
7.031538 
7.052243 
7.072292 
7.015475 
7.022161 
7.009550 
7.060307 
7.096063 
7.123182 
7.141391 
7.159277 
7.176247 
7.191707 
7.207931 
7.222628 
7.233104 
7.249480 
7.265190 
7.274814 
7.285785 
7.298978 
7.311557 
7.328616 
7.201135 
7.219869 
7.252923 
7.278892 
7.296513 
7.311366 
7.329704 
6.897439 
6.873239 
6.871635 
6.906856 
6.975231 
7.004724 
7.067120 
7.040381 
6.794816 
6.906856 
6.764327 
6.684866 
6.496160 
6.163860 
5.492209 
5.206493 
5.343370 
5.592129 
5.767410 
5.835549 
5.963004 
6.068108 
6.151474 
6.217329 
6.278380 
6.336209 
6.387575 
6.436067 
6.478738 
6.525724 
6.564429 
6.599638 
6.633260 
6.664368 
6.689981 
6.711912 
6.742660 
6.764006 
6.791532 
6.814460 
6.830235 
6.734650 
6.718736 
6.651748 
6.725881 
6.754195 
6.581777 
6.664587 
6.659317 
6.700467 
6.745514 
6.740250 
6.705056 
6.691567 
6.753080 
6.797487 
6.833580 
6.633603 
6.536449 
6.645568 
6.674283 
6.505324 
6.463941 
6.450519 
6.559579 
6.506288 
6.490279 
6.403025 
6.424136 
6.431385 
6.422631 
6.451864 
6.400615 
6.449104 
6.468862 
6.455058 
6.555116 
6.628387 
6.688455 
6.739457 
6.784391 
6.826439 
6.861338 
6.894943 
6.924763 
6.951518 
6.974699 
6.998587 
7.022126 
7.044177 
7.063409 
6.924723 
6.697437 
6.597206 
6.753102 
6.843792 
6.908786 
6.965685 
7.009709 
7.041129 
6.956614 
6.997574 
7.032010 
7.077169 
7.111565 
7.139929 
7.165138 
7.186889 
7.207771 
7.226888 
7.245124 
7.266105 
7.107889 
7.164680 
7.203794 
7.064341 
6.972861 
6.961399 
7.065680 
7.131851 
7.181101 
7.215689 
7.245691 
7.272160 
7.295998 
7.317678 
7.337824 
7.356440 
7.374014 
7.390666 
7.406279 
7.421569 
7.435715 
7.448579 
7.459725 
7.363815 
7.389379 
7.257621 
7.169875 
7.117485 
7.203225 
7.260139 
7.303079 
7.338566 
7.372370 
7.400464 
7.424696 
7.446236 
7.466076 
7.484396 
7.500363 
7.511799 
7.524686 
7.537885 
7.550896 
7.566938 
7.499978 
7.534310 
7.558733 
7.578747 
7.595597 
7.610861 
7.464580 
7.503880 
7.532786 
7.558849 
7.580256 
7.599104 
7.615614 
7.628982 
7.643987 
7.657499 
7.670119 
7.681905 
7.692823 
7.702034 
7.710294 
7.719729 
7.729313 
7.738820 
7.748267 
7.760438 
7.770622 
7.779638 
7.788388 
7.797971 
7.806959 
7.815497 
7.823949 
7.832156 
7.840145 
7.847941 
7.855437 
7.864709 
7.869403 
7.875487 
7.880887 
7.723347 
7.588205 
7.633517 
7.666090 
7.691722 
7.713541 
7.740645 
7.762434 
7.781002 
7.798308 
7.813585 
7.826546 
7.836130 
7.846678 
7.857170 
7.867419 
7.881282 
7.892473 
7.902430 
7.908715 
7.901598 
7.906114 
7.918811 
7.929210 
7.938277 
7.949832 
7.959567 
7.968385 
7.976805 
7.984550 
7.992199 
7.999447 
8.006654 
8.013610 
8.020279 
8.027111 
8.030370 
8.036220 
8.043758 
8.048552 
8.053751 
8.058956 
8.064350 
8.069715 
8.074945 
8.080946 
8.085331 
7.875922 
7.744182 
7.778571 
7.817739 
7.849540 
7.875842 
7.897841 
7.916671 
7.933146 
7.947800 
7.960469 
7.971007 
7.981674 
7.993693 
8.003359 
8.012775 
8.022025 
8.032117 
8.037660 
7.913954 
7.929834 
7.940510 
7.944941 
7.953576 
7.965028 
7.976758 
7.998730 
8.016776 
8.030916 
7.843147 
7.642884 
7.499970 
7.373383 
7.465074 
7.530427 
7.581202 
7.624683 
7.641773 
7.669643 
7.695443 
7.718210 
7.740210 
7.762018 
7.788430 
7.812783 
7.828292 
7.842426 
7.864296 
7.882526 
7.898801 
7.913783 
7.927698 
7.938190 
7.949254 
7.952553 
7.968296 
7.981485 
7.993258 
8.004299 
8.014572 
8.024395 
8.033870 
8.043052 
8.051931 
8.060490 
8.069466 
8.067455 
8.078989 
8.088565 
8.097158 
8.104278 
8.108565 
8.114096 
8.120193 
8.126500 
8.132823 
8.142589 
8.150094 
8.154100 
8.135521 
8.139752 
8.145481 
8.158254 
8.168313 
8.178241 
8.184303 
8.190443 
8.196822 
8.202871 
8.208916 
8.214802 
8.220523 
8.226206 
8.232961 
8.238067 
8.243215 
8.248389 
8.253469 
8.258546 
8.265780 
8.066184 
8.084439 
8.107602 
8.132563 
8.152016 
8.168023 
8.182217 
8.191988 
8.201264 
8.210038 
8.218284 
8.226111 
8.233489 
7.974915 
7.775069 
7.817470 
7.876970 
7.922747 
7.959142 
7.766728 
7.827607 
7.874058 
7.755289 
7.699789 
7.713028 
7.701809 
7.783459 
7.839356 
7.845202 
7.850651 
7.848358 
7.882954 
7.932124 
7.970675 
8.001737 
8.027536 
8.051579 
8.070783 
8.088309 
8.104349 
8.119253 
8.133031 
8.145974 
8.159338 
8.171770 
8.182367 
8.192639 
