0.000000 
0.000000 
0.000000 
0.000000 
0.000000 
0.000000 
0.000000 
0.000000 
0.000000 
62.000000 
62.000000 
62.000000 
62.000000 
62.000000 
62.000000 
62.000000 
62.000000 
62.000000 
62.000000 
62.000000 
62.000000 
62.000000 
62.000000 
122.000000 
122.000000 
184.000000 
184.000000 
244.000000 
244.000000 
244.000000 
244.000000 
244.000000 
244.000000 
244.000000 
365.000000 
365.000000 
365.000000 
365.000000 
365.000000 
426.000000 
426.000000 
426.000000 
426.000000 
426.000000 
487.000000 
487.000000 
549.000000 
549.000000 
549.000000 
549.000000 
549.000000 
549.000000 
549.000000 
549.000000 
549.000000 
549.000000 
549.000000 
549.000000 
670.000000 
730.000000 
730.000000 
854.000000 
915.000000 
915.000000 
915.000000 
977.000000 
977.000000 
977.000000 
977.000000 
977.000000 
977.000000 
977.000000 
977.000000 
977.000000 
1100.000000 
1100.000000 
1100.000000 
1100.000000 
1100.000000 
1100.000000 
1100.000000 
1162.000000 
1162.000000 
1162.000000 
1162.000000 
1162.000000 
1162.000000 
1162.000000 
1162.000000 
1162.000000 
1222.000000 
1222.000000 
1222.000000 
1222.000000 
1222.000000 
1222.000000 
1282.000000 
1402.000000 
1402.000000 
1402.000000 
1402.000000 
1402.000000 
1462.000000 
1585.000000 
1585.000000 
1646.000000 
1710.000000 
1710.000000 
1710.000000 
1710.000000 
1710.000000 
1770.000000 
1770.000000 
1770.000000 
1770.000000 
1830.000000 
1830.000000 
1830.000000 
1830.000000 
1830.000000 
1830.000000 
1894.000000 
1894.000000 
1894.000000 
1956.000000 
1956.000000 
2017.000000 
2017.000000 
2080.000000 
2080.000000 
2080.000000 
2080.000000 
2080.000000 
2080.000000 
2202.000000 
2202.000000 
2263.000000 
2263.000000 
2263.000000 
2263.000000 
2263.000000 
2263.000000 
2263.000000 
2263.000000 
2263.000000 
2263.000000 
2385.000000 
2385.000000 
2385.000000 
2385.000000 
2385.000000 
2385.000000 
2385.000000 
2385.000000 
2385.000000 
2385.000000 
2385.000000 
2385.000000 
2385.000000 
2385.000000 
2385.000000 
2385.000000 
2385.000000 
2385.000000 
2385.000000 
2385.000000 
2385.000000 
2446.000000 
2446.000000 
2446.000000 
2446.000000 
2508.000000 
2508.000000 
2508.000000 
2508.000000 
2568.000000 
2568.000000 
2568.000000 
2568.000000 
2568.000000 
2568.000000 
2568.000000 
2568.000000 
2568.000000 
2568.000000 
2568.000000 
2568.000000 
2630.000000 
2630.000000 
2630.000000 
2630.000000 
2630.000000 
2692.000000 
2692.000000 
2692.000000 
2692.000000 
2692.000000 
2692.000000 
2692.000000 
2755.000000 
2816.000000 
2816.000000 
2816.000000 
2816.000000 
2816.000000 
2816.000000 
2816.000000 
2816.000000 
2816.000000 
2816.000000 
2816.000000 
2816.000000 
2877.000000 
2937.000000 
2937.000000 
2937.000000 
2998.000000 
3058.000000 
3058.000000 
3058.000000 
3058.000000 
3058.000000 
3122.000000 
3122.000000 
3184.000000 
3184.000000 
3184.000000 
3184.000000 
3244.000000 
3244.000000 
3244.000000 
3244.000000 
3244.000000 
3244.000000 
3244.000000 
3244.000000 
3244.000000 
3305.000000 
3366.000000 
3366.000000 
3430.000000 
3430.000000 
3430.000000 
3430.000000 
3430.000000 
3430.000000 
3430.000000 
3430.000000 
3492.000000 
3492.000000 
3492.000000 
3492.000000 
3492.000000 
3492.000000 
3492.000000 
3492.000000 
3492.000000 
3492.000000 
3492.000000 
3492.000000 
3492.000000 
3492.000000 
3553.000000 
3553.000000 
3553.000000 
3553.000000 
3553.000000 
3553.000000 
3553.000000 
3553.000000 
3553.000000 
3553.000000 
3616.000000 
3616.000000 
3616.000000 
3616.000000 
3616.000000 
3616.000000 
3616.000000 
3616.000000 
3616.000000 
3616.000000 
3616.000000 
3616.000000 
3616.000000 
3616.000000 
3616.000000 
3676.000000 
3676.000000 
3737.000000 
3737.000000 
3737.000000 
3737.000000 
3737.000000 
3737.000000 
3737.000000 
3737.000000 
3737.000000 
3737.000000 
3737.000000 
3737.000000 
3797.000000 
3797.000000 
3857.000000 
3857.000000 
3857.000000 
3857.000000 
3921.000000 
3921.000000 
3921.000000 
3921.000000 
3921.000000 
3921.000000 
3921.000000 
3921.000000 
3921.000000 
3921.000000 
3921.000000 
3921.000000 
3921.000000 
3921.000000 
3921.000000 
3921.000000 
3921.000000 
3921.000000 
3921.000000 
3921.000000 
3921.000000 
3921.000000 
3983.000000 
3983.000000 
3983.000000 
3983.000000 
3983.000000 
3983.000000 
3983.000000 
3983.000000 
3983.000000 
3983.000000 
3983.000000 
3983.000000 
3983.000000 
3983.000000 
3983.000000 
4044.000000 
4224.000000 
4224.000000 
4224.000000 
4224.000000 
4224.000000 
4224.000000 
4224.000000 
4224.000000 
4224.000000 
4224.000000 
4224.000000 
4224.000000 
4224.000000 
4224.000000 
4224.000000 
4224.000000 
4224.000000 
4224.000000 
4224.000000 
4224.000000 
4224.000000 
4224.000000 
4224.000000 
4224.000000 
4224.000000 
4224.000000 
4224.000000 
4224.000000 
4224.000000 
4224.000000 
4224.000000 
4224.000000 
4224.000000 
4224.000000 
4224.000000 
4224.000000 
4224.000000 
4346.000000 
4406.000000 
4406.000000 
4406.000000 
4406.000000 
4406.000000 
4406.000000 
4406.000000 
4406.000000 
4406.000000 
4406.000000 
4406.000000 
4406.000000 
4530.000000 
4530.000000 
4530.000000 
4530.000000 
4530.000000 
4594.000000 
4594.000000 
4714.000000 
4714.000000 
4714.000000 
4714.000000 
4714.000000 
4714.000000 
4714.000000 
4714.000000 
4714.000000 
4714.000000 
4714.000000 
4714.000000 
4714.000000 
4714.000000 
4714.000000 
4714.000000 
4714.000000 
4714.000000 
4714.000000 
4714.000000 
4714.000000 
4714.000000 
4714.000000 
4714.000000 
4714.000000 
4714.000000 
4714.000000 
4714.000000 
4714.000000 
4714.000000 
4714.000000 
4714.000000 
4775.000000 
4775.000000 
4775.000000 
4775.000000 
4775.000000 
4775.000000 
4775.000000 
4775.000000 
4775.000000 
4775.000000 
4775.000000 
4775.000000 
4775.000000 
4775.000000 
4775.000000 
4775.000000 
4775.000000 
4775.000000 
4775.000000 
4775.000000 
4775.000000 
4775.000000 
4836.000000 
4836.000000 
4896.000000 
4896.000000 
4958.000000 
4958.000000 
4958.000000 
5022.000000 
5022.000000 
5022.000000 
5022.000000 
5022.000000 
5022.000000 
5022.000000 
5022.000000 
5022.000000 
5022.000000 
5022.000000 
5022.000000 
5022.000000 
5022.000000 
5022.000000 
5022.000000 
5022.000000 
5084.000000 
5084.000000 
5084.000000 
5084.000000 
5084.000000 
5084.000000 
5084.000000 
5084.000000 
5084.000000 
5084.000000 
5145.000000 
5145.000000 
5205.000000 
5328.000000 
5328.000000 
5328.000000 
5328.000000 
5328.000000 
5390.000000 
5390.000000 
5390.000000 
5390.000000 
5511.000000 
5511.000000 
5511.000000 
5511.000000 
5574.000000 
5574.000000 
5574.000000 
5574.000000 
5574.000000 
5574.000000 
5634.000000 
5634.000000 
5634.000000 
5634.000000 
5695.000000 
5695.000000 
5695.000000 
5695.000000 
5757.000000 
5757.000000 
5757.000000 
5757.000000 
5820.000000 
5820.000000 
5820.000000 
5820.000000 
5820.000000 
5820.000000 
5880.000000 
5880.000000 
5880.000000 
5940.000000 
5940.000000 
5940.000000 
6001.000000 
6001.000000 
6001.000000 
6065.000000 
6065.000000 
6065.000000 
6065.000000 
6126.000000 
6126.000000 
6189.000000 
6189.000000 
6189.000000 
6189.000000 
6189.000000 
6189.000000 
6250.000000 
6250.000000 
6250.000000 
6250.000000 
6250.000000 
6250.000000 
6250.000000 
6250.000000 
6250.000000 
6250.000000 
6314.000000 
6314.000000 
6374.000000 
6374.000000 
6374.000000 
6374.000000 
6374.000000 
6374.000000 
6374.000000 
6374.000000 
6374.000000 
6374.000000 
6434.000000 
6434.000000 
6434.000000 
6434.000000 
6434.000000 
6434.000000 
6434.000000 
6434.000000 
6498.000000 
6498.000000 
6498.000000 
6498.000000 
6498.000000 
6498.000000 
6498.000000 
6498.000000 
6498.000000 
6498.000000 
6498.000000 
6498.000000 
6558.000000 
6558.000000 
6558.000000 
6618.000000 
6618.000000 
6618.000000 
6618.000000 
6618.000000 
6743.000000 
6743.000000 
6743.000000 
6743.000000 
6743.000000 
6805.000000 
6805.000000 
6869.000000 
6869.000000 
6930.000000 
6930.000000 
6930.000000 
6930.000000 
6930.000000 
6992.000000 
6992.000000 
7056.000000 
7056.000000 
7056.000000 
7056.000000 
7056.000000 
7056.000000 
7056.000000 
7056.000000 
7056.000000 
7056.000000 
7056.000000 
7056.000000 
7056.000000 
7056.000000 
7117.000000 
7117.000000 
7178.000000 
7178.000000 
7178.000000 
7178.000000 
7178.000000 
7178.000000 
7178.000000 
7178.000000 
7178.000000 
7178.000000 
7239.000000 
7239.000000 
7301.000000 
7301.000000 
7301.000000 
7361.000000 
7421.000000 
7421.000000 
7421.000000 
7421.000000 
7482.000000 
7543.000000 
7543.000000 
7543.000000 
7543.000000 
7607.000000 
7607.000000 
7607.000000 
7668.000000 
7668.000000 
7732.000000 
7732.000000 
7732.000000 
7732.000000 
7732.000000 
7859.000000 
7859.000000 
7859.000000 
7859.000000 
7859.000000 
7859.000000 
7859.000000 
7919.000000 
7919.000000 
7919.000000 
7919.000000 
7919.000000 
7919.000000 
7919.000000 
7919.000000 
7919.000000 
7919.000000 
7919.000000 
7919.000000 
7919.000000 
7919.000000 
7919.000000 
7919.000000 
7919.000000 
7919.000000 
7919.000000 
7982.000000 
7982.000000 
7982.000000 
7982.000000 
7982.000000 
8046.000000 
8046.000000 
8046.000000 
8046.000000 
8046.000000 
8046.000000 
8046.000000 
8046.000000 
8106.000000 
8167.000000 
8167.000000 
8167.000000 
8167.000000 
8167.000000 
8167.000000 
8167.000000 
8167.000000 
8167.000000 
8167.000000 
8167.000000 
8167.000000 
8231.000000 
8231.000000 
8231.000000 
8231.000000 
8231.000000 
8231.000000 
8231.000000 
8231.000000 
8231.000000 
8231.000000 
8231.000000 
8231.000000 
8231.000000 
8231.000000 
8231.000000 
8231.000000 
8231.000000 
8231.000000 
8231.000000 
8231.000000 
8231.000000 
8231.000000 
8292.000000 
8292.000000 
8292.000000 
8353.000000 
8353.000000 
8353.000000 
8353.000000 
8413.000000 
8413.000000 
8413.000000 
8413.000000 
8413.000000 
8413.000000 
8413.000000 
8413.000000 
8413.000000 
8413.000000 
8476.000000 
8476.000000 
8476.000000 
8476.000000 
8476.000000 
8540.000000 
8540.000000 
8540.000000 
8540.000000 
8540.000000 
8540.000000 
8540.000000 
8600.000000 
8600.000000 
8600.000000 
8600.000000 
8600.000000 
8600.000000 
8662.000000 
8662.000000 
8662.000000 
8662.000000 
8662.000000 
8662.000000 
8662.000000 
8723.000000 
8723.000000 
8723.000000 
8723.000000 
8723.000000 
8723.000000 
8723.000000 
8723.000000 
8723.000000 
8723.000000 
8723.000000 
8723.000000 
8723.000000 
8723.000000 
8723.000000 
8723.000000 
8723.000000 
8723.000000 
8783.000000 
8783.000000 
8783.000000 
8843.000000 
8843.000000 
8843.000000 
8843.000000 
8843.000000 
8843.000000 
8843.000000 
8843.000000 
8843.000000 
8843.000000 
8843.000000 
8843.000000 
8904.000000 
8904.000000 
8904.000000 
8904.000000 
8904.000000 
8904.000000 
8904.000000 
8966.000000 
8966.000000 
8966.000000 
8966.000000 
8966.000000 
8966.000000 
8966.000000 
8966.000000 
8966.000000 
8966.000000 
8966.000000 
8966.000000 
8966.000000 
8966.000000 
8966.000000 
8966.000000 
8966.000000 
9026.000000 
9026.000000 
9026.000000 
9026.000000 
9026.000000 
9026.000000 
9026.000000 
9026.000000 
9026.000000 
9026.000000 
9087.000000 
9087.000000 
9087.000000 
9087.000000 
9087.000000 
9087.000000 
9087.000000 
9087.000000 
9087.000000 
9087.000000 
9087.000000 
9087.000000 
9147.000000 
9147.000000 
9147.000000 
9209.000000 
9209.000000 
9209.000000 
9209.000000 
9270.000000 
9331.000000 
9331.000000 
9395.000000 
9395.000000 
9395.000000 
9395.000000 
9395.000000 
9395.000000 
9395.000000 
9395.000000 
9517.000000 
9641.000000 
9641.000000 
9641.000000 
9641.000000 
9641.000000 
9641.000000 
9641.000000 
9702.000000 
9702.000000 
9702.000000 
9702.000000 
9702.000000 
9702.000000 
9702.000000 
9702.000000 
9766.000000 
9766.000000 
9766.000000 
9766.000000 
9766.000000 
9766.000000 
9766.000000 
9828.000000 
9828.000000 
9828.000000 
9828.000000 
9828.000000 
9828.000000 
9828.000000 
9828.000000 
9828.000000 
9828.000000 
9828.000000 
9828.000000 
9828.000000 
9828.000000 
9889.000000 
9889.000000 
9889.000000 
9889.000000 
9889.000000 
9951.000000 
9951.000000 
9951.000000 
9951.000000 
9951.000000 
9951.000000 
9951.000000 
10014.000000 
10076.000000 
10076.000000 
10076.000000 
10076.000000 
10076.000000 
10076.000000 
10138.000000 
10138.000000 
10138.000000 
10138.000000 
10138.000000 
10138.000000 
10138.000000 
10138.000000 
10138.000000 
10200.000000 
10200.000000 
10200.000000 
10200.000000 
10200.000000 
10200.000000 
10264.000000 
10264.000000 
10264.000000 
10264.000000 
10264.000000 
10264.000000 
10264.000000 
10328.000000 
10328.000000 
10328.000000 
10328.000000 
10328.000000 
10328.000000 
10392.000000 
10392.000000 
10392.000000 
10392.000000 
10392.000000 
10392.000000 
10392.000000 
10453.000000 
10453.000000 
10453.000000 
10453.000000 
10453.000000 
10453.000000 
10453.000000 
10453.000000 
10453.000000 
10453.000000 
10453.000000 
10453.000000 
10513.000000 
10513.000000 
10513.000000 
10513.000000 
10513.000000 
10513.000000 
10513.000000 
10513.000000 
10513.000000 
10513.000000 
10513.000000 
10513.000000 
10513.000000 
10513.000000 
10513.000000 
10513.000000 
