12.170000 
12.720000 
15.730000 
19.770000 
29.480000 
31.500000 
33.090000 
35.310001 
36.709999 
38.060001 
40.389999 
42.720001 
43.709999 
45.320000 
45.849998 
46.349998 
46.380001 
46.660000 
47.169998 
47.200001 
47.290001 
47.250000 
47.380001 
47.180000 
47.180000 
47.590000 
47.389999 
47.400002 
47.630001 
47.770000 
47.910000 
47.750000 
47.660000 
47.770000 
47.599998 
47.419998 
47.570000 
47.709999 
47.450001 
47.419998 
47.259998 
47.720001 
47.689999 
47.509998 
47.180000 
47.160000 
47.330002 
47.020000 
47.099998 
46.880001 
47.020000 
47.200001 
47.189999 
47.090000 
47.200001 
46.889999 
46.830002 
47.130001 
47.070000 
47.160000 
46.740002 
46.799999 
46.730000 
47.160000 
47.130001 
47.169998 
46.900002 
47.169998 
46.869999 
46.790001 
46.880001 
46.810001 
46.980000 
46.860001 
47.000000 
47.040001 
46.860001 
46.730000 
46.810001 
46.570000 
46.669998 
46.849998 
46.660000 
46.360001 
46.580002 
46.450001 
46.840000 
46.509998 
46.610001 
46.259998 
46.450001 
46.400002 
46.169998 
46.340000 
46.430000 
46.619999 
46.369999 
46.290001 
46.130001 
46.180000 
46.180000 
46.560001 
46.430000 
46.439999 
46.290001 
46.209999 
46.430000 
46.119999 
46.279999 
46.220001 
46.090000 
46.349998 
46.389999 
46.259998 
46.060001 
46.419998 
46.150002 
46.119999 
46.009998 
45.959999 
45.849998 
45.790001 
45.830002 
45.849998 
45.900002 
45.610001 
45.910000 
45.689999 
45.779999 
45.750000 
45.950001 
45.810001 
45.939999 
45.779999 
45.860001 
45.770000 
45.610001 
45.840000 
45.919998 
45.930000 
45.849998 
45.810001 
46.029999 
46.060001 
45.770000 
45.720001 
45.720001 
45.540001 
45.520000 
45.520000 
45.400002 
45.270000 
45.389999 
45.349998 
45.830002 
45.560001 
45.459999 
45.630001 
45.810001 
45.810001 
45.860001 
45.610001 
45.669998 
45.669998 
45.580002 
45.410000 
45.430000 
45.610001 
45.700001 
45.490002 
45.480000 
45.570000 
45.389999 
45.459999 
45.650002 
45.509998 
45.250000 
45.270000 
45.570000 
45.450001 
45.470001 
45.340000 
45.160000 
45.169998 
45.110001 
45.090000 
45.160000 
45.220001 
45.240002 
45.169998 
45.389999 
45.389999 
45.110001 
45.200001 
45.349998 
45.259998 
45.310001 
45.240002 
45.360001 
45.439999 
45.540001 
45.340000 
45.279999 
45.330002 
45.299999 
45.380001 
45.410000 
45.130001 
45.119999 
45.290001 
45.180000 
45.139999 
45.259998 
45.410000 
45.340000 
45.240002 
45.160000 
45.110001 
45.669998 
45.470001 
45.439999 
45.430000 
45.560001 
45.599998 
45.430000 
45.470001 
45.509998 
45.549999 
45.470001 
45.529999 
45.439999 
45.330002 
45.459999 
45.820000 
45.730000 
45.549999 
45.560001 
45.639999 
45.720001 
45.700001 
45.540001 
45.470001 
45.310001 
45.389999 
45.509998 
45.040001 
45.259998 
45.279999 
45.200001 
45.470001 
45.389999 
45.419998 
45.259998 
45.410000 
45.509998 
45.310001 
45.439999 
45.400002 
45.340000 
45.330002 
45.349998 
45.380001 
45.320000 
45.240002 
45.380001 
45.310001 
45.279999 
45.259998 
45.310001 
45.299999 
45.189999 
45.209999 
45.189999 
45.270000 
45.130001 
45.340000 
45.439999 
45.380001 
45.200001 
45.279999 
45.330002 
45.250000 
45.200001 
45.139999 
45.130001 
45.169998 
45.220001 
45.150002 
45.200001 
45.189999 
45.240002 
45.250000 
45.160000 
45.110001 
45.150002 
45.150002 
45.119999 
45.099998 
45.380001 
45.250000 
45.220001 
45.290001 
45.349998 
45.310001 
45.310001 
45.360001 
45.320000 
45.220001 
45.209999 
45.209999 
45.279999 
45.299999 
45.389999 
45.759998 
45.450001 
45.439999 
45.639999 
45.570000 
45.560001 
45.500000 
45.549999 
45.500000 
45.490002 
45.419998 
45.419998 
45.410000 
45.430000 
45.419998 
45.349998 
45.349998 
45.419998 
45.450001 
45.389999 
45.419998 
45.430000 
45.389999 
45.360001 
45.310001 
45.299999 
45.279999 
45.290001 
45.330002 
45.299999 
45.130001 
45.180000 
45.250000 
45.130001 
45.230000 
45.119999 
45.250000 
45.470001 
45.200001 
45.400002 
45.369999 
45.340000 
45.459999 
45.459999 
45.560001 
45.529999 
45.590000 
45.520000 
45.570000 
45.630001 
45.669998 
45.630001 
45.639999 
45.599998 
45.560001 
45.549999 
45.529999 
45.560001 
45.529999 
45.490002 
45.529999 
45.540001 
45.500000 
45.439999 
45.220001 
45.139999 
45.189999 
45.099998 
45.180000 
45.169998 
45.200001 
45.240002 
45.169998 
45.290001 
45.070000 
44.980000 
45.000000 
45.090000 
45.150002 
44.990002 
44.950001 
45.080002 
45.090000 
45.020000 
45.130001 
45.029999 
45.060001 
45.139999 
45.139999 
45.070000 
45.009998 
44.889999 
44.820000 
44.860001 
45.040001 
44.930000 
45.009998 
45.049999 
45.040001 
45.160000 
45.259998 
45.209999 
45.240002 
45.060001 
44.950001 
44.860001 
45.169998 
45.480000 
45.580002 
45.200001 
45.349998 
45.259998 
45.410000 
45.369999 
45.290001 
45.299999 
45.330002 
45.310001 
45.410000 
45.470001 
45.480000 
45.380001 
45.349998 
45.279999 
45.330002 
45.349998 
45.169998 
45.259998 
45.299999 
45.310001 
45.250000 
45.230000 
45.250000 
45.290001 
45.279999 
45.299999 
45.320000 
45.320000 
45.330002 
45.330002 
45.279999 
45.279999 
45.320000 
45.259998 
45.240002 
45.230000 
45.290001 
45.369999 
45.250000 
45.189999 
45.330002 
45.160000 
45.160000 
45.200001 
45.230000 
45.169998 
45.169998 
45.160000 
45.160000 
45.200001 
45.220001 
45.200001 
45.139999 
45.139999 
45.200001 
45.220001 
45.220001 
45.220001 
45.220001 
45.220001 
45.189999 
45.200001 
45.200001 
45.200001 
45.169998 
45.150002 
45.150002 
45.160000 
45.189999 
45.209999 
45.099998 
45.220001 
45.070000 
44.799999 
44.860001 
44.990002 
45.119999 
45.130001 
45.099998 
45.009998 
44.910000 
44.990002 
45.070000 
45.119999 
45.099998 
45.040001 
45.080002 
45.099998 
45.040001 
45.070000 
45.139999 
45.180000 
45.110001 
45.270000 
45.150002 
45.110001 
45.139999 
45.009998 
44.980000 
44.950001 
44.990002 
44.950001 
45.000000 
45.080002 
45.080002 
45.060001 
45.040001 
45.080002 
45.169998 
45.110001 
45.110001 
45.049999 
45.009998 
44.950001 
45.009998 
44.950001 
44.930000 
44.810001 
44.950001 
45.209999 
45.169998 
45.270000 
45.259998 
45.259998 
45.320000 
45.330002 
45.240002 
45.240002 
45.250000 
45.160000 
45.240002 
45.299999 
45.310001 
45.259998 
45.230000 
45.209999 
45.200001 
45.259998 
45.290001 
45.299999 
45.240002 
44.990002 
44.959999 
45.130001 
45.139999 
45.099998 
45.209999 
45.250000 
45.279999 
45.330002 
45.349998 
45.349998 
45.330002 
45.299999 
45.270000 
45.240002 
45.200001 
45.150002 
45.099998 
45.330002 
45.230000 
45.230000 
45.169998 
45.130001 
45.130001 
45.119999 
45.150002 
45.150002 
45.090000 
45.169998 
45.189999 
45.160000 
45.139999 
45.139999 
45.099998 
45.080002 
45.110001 
45.090000 
45.080002 
45.160000 
45.070000 
45.070000 
45.049999 
44.980000 
44.950001 
44.930000 
45.110001 
45.080002 
44.950001 
44.880001 
44.820000 
44.919998 
44.980000 
45.110001 
45.040001 
45.000000 
44.900002 
44.900002 
45.169998 
44.919998 
44.939999 
45.330002 
45.389999 
45.529999 
45.650002 
45.740002 
45.770000 
45.700001 
45.619999 
45.650002 
45.590000 
45.560001 
45.570000 
45.520000 
45.520000 
45.549999 
45.540001 
45.500000 
45.470001 
45.439999 
45.410000 
45.470001 
45.450001 
45.470001 
45.490002 
45.419998 
45.430000 
45.540001 
45.509998 
45.459999 
45.490002 
45.529999 
45.430000 
45.349998 
45.580002 
45.529999 
45.610001 
45.509998 
45.419998 
45.389999 
45.430000 
45.570000 
45.520000 
45.459999 
45.549999 
45.570000 
45.509998 
45.459999 
45.340000 
45.320000 
45.480000 
45.259998 
45.110001 
45.270000 
45.450001 
45.340000 
45.119999 
45.139999 
45.160000 
45.220001 
45.470001 
45.480000 
45.410000 
45.310001 
45.299999 
45.330002 
45.349998 
45.459999 
45.400002 
45.369999 
45.389999 
45.410000 
45.380001 
45.380001 
45.330002 
45.340000 
45.320000 
45.360001 
45.049999 
45.040001 
45.230000 
45.230000 
45.099998 
45.150002 
45.189999 
45.259998 
45.380001 
45.330002 
45.360001 
45.330002 
45.310001 
45.320000 
45.330002 
45.310001 
45.360001 
45.330002 
45.290001 
45.320000 
45.160000 
45.180000 
45.180000 
45.070000 
45.220001 
45.279999 
45.279999 
45.150002 
45.209999 
45.230000 
45.240002 
45.200001 
45.240002 
45.240002 
45.240002 
45.230000 
45.180000 
45.139999 
45.150002 
45.130001 
45.099998 
45.060001 
45.110001 
45.200001 
45.150002 
45.240002 
45.299999 
45.240002 
45.270000 
45.340000 
45.290001 
45.259998 
45.320000 
45.250000 
45.270000 
45.279999 
45.290001 
45.270000 
45.290001 
45.270000 
45.240002 
45.279999 
45.290001 
45.299999 
45.150002 
45.160000 
45.189999 
45.209999 
45.220001 
45.240002 
45.230000 
45.290001 
45.270000 
45.240002 
45.240002 
45.220001 
45.240002 
45.189999 
45.200001 
45.180000 
45.200001 
45.200001 
45.200001 
45.200001 
45.160000 
45.160000 
45.180000 
45.180000 
45.180000 
45.200001 
45.200001 
45.200001 
45.169998 
45.169998 
45.160000 
45.169998 
45.180000 
45.200001 
45.200001 
45.180000 
45.180000 
45.200001 
45.180000 
45.189999 
45.189999 
45.259998 
45.169998 
45.169998 
45.209999 
45.200001 
45.189999 
45.160000 
45.209999 
45.200001 
45.189999 
45.220001 
45.209999 
45.209999 
45.200001 
45.200001 
45.200001 
45.180000 
45.180000 
45.189999 
45.150002 
45.099998 
45.119999 
45.110001 
45.150002 
45.160000 
45.139999 
45.110001 
45.110001 
45.110001 
45.099998 
45.119999 
45.119999 
45.119999 
45.139999 
45.130001 
45.099998 
45.070000 
45.090000 
45.080002 
45.070000 
45.000000 
44.980000 
44.959999 
44.939999 
44.939999 
44.950001 
44.950001 
44.919998 
45.029999 
45.060001 
45.090000 
45.040001 
45.029999 
45.020000 
44.990002 
45.009998 
45.040001 
44.980000 
44.980000 
45.000000 
45.000000 
44.990002 
45.020000 
45.020000 
45.040001 
45.049999 
44.889999 
44.990002 
45.029999 
45.020000 
45.049999 
45.020000 
45.000000 
45.070000 
45.119999 
45.049999 
44.950001 
44.790001 
44.779999 
44.669998 
44.680000 
44.740002 
44.740002 
44.790001 
44.730000 
44.709999 
44.680000 
44.650002 
44.669998 
44.830002 
44.840000 
44.790001 
44.860001 
44.910000 
44.900002 
44.930000 
45.000000 
45.060001 
45.020000 
45.009998 
44.990002 
45.020000 
45.029999 
45.040001 
45.060001 
45.070000 
45.040001 
45.020000 
45.000000 
45.009998 
44.980000 
44.980000 
44.930000 
45.009998 
44.990002 
44.970001 
44.980000 
44.959999 
45.000000 
45.020000 
45.029999 
45.040001 
45.020000 
44.990002 
44.980000 
45.009998 
44.970001 
44.959999 
44.980000 
45.029999 
45.060001 
45.049999 
45.020000 
45.020000 
44.980000 
44.990002 
44.970001 
44.970001 
44.980000 
44.970001 
44.990002 
45.000000 
45.009998 
45.009998 
45.009998 
45.009998 
45.009998 
45.259998 
45.099998 
45.150002 
45.110001 
45.080002 
45.080002 
45.070000 
45.099998 
45.090000 
45.090000 
45.060001 
45.060001 
45.070000 
44.630001 
44.549999 
44.770000 
44.770000 
44.810001 
44.849998 
44.590000 
44.700001 
44.700001 
44.880001 
44.770000 
44.840000 
44.709999 
44.820000 
44.880001 
44.810001 
44.799999 
44.820000 
44.779999 
44.930000 
44.919998 
44.919998 
44.880001 
44.799999 
44.799999 
44.830002 
44.869999 
44.860001 
44.840000 
44.860001 
44.889999 
44.910000 
44.930000 
44.910000 
