12.700000 
14.840000 
19.230000 
25.650000 
30.340000 
33.259998 
35.830002 
37.310001 
39.060001 
40.410000 
41.619999 
43.060001 
43.709999 
44.090000 
45.160000 
45.349998 
45.990002 
46.320000 
46.459999 
46.689999 
47.099998 
47.689999 
47.320000 
47.310001 
47.400002 
47.230000 
47.380001 
47.509998 
47.400002 
47.259998 
47.419998 
47.180000 
47.040001 
47.110001 
47.400002 
47.560001 
47.419998 
47.580002 
47.509998 
47.380001 
47.580002 
47.680000 
47.610001 
47.590000 
47.540001 
47.610001 
47.700001 
47.660000 
47.680000 
47.810001 
47.790001 
47.599998 
47.709999 
47.919998 
47.919998 
47.799999 
47.869999 
47.860001 
47.910000 
47.880001 
47.759998 
47.869999 
47.970001 
48.049999 
48.220001 
48.080002 
47.770000 
48.000000 
48.000000 
47.880001 
47.930000 
47.860001 
47.639999 
47.779999 
47.639999 
47.750000 
47.610001 
47.619999 
47.549999 
47.400002 
47.000000 
47.209999 
47.299999 
47.299999 
47.480000 
47.230000 
47.500000 
47.459999 
47.310001 
47.340000 
47.330002 
47.310001 
47.279999 
47.220001 
47.099998 
47.099998 
46.939999 
46.840000 
47.040001 
47.099998 
46.849998 
46.889999 
47.099998 
47.049999 
47.470001 
46.990002 
46.950001 
47.110001 
47.130001 
47.189999 
47.110001 
47.020000 
46.880001 
47.060001 
46.759998 
47.189999 
46.970001 
47.090000 
47.189999 
46.910000 
47.090000 
46.880001 
46.669998 
46.900002 
46.849998 
46.970001 
47.009998 
46.900002 
47.180000 
46.799999 
46.849998 
46.689999 
46.849998 
46.610001 
46.650002 
46.720001 
46.889999 
46.730000 
46.480000 
46.480000 
46.730000 
46.459999 
46.520000 
46.669998 
46.590000 
46.799999 
46.930000 
46.830002 
46.700001 
46.529999 
46.439999 
46.560001 
46.560001 
46.560001 
46.410000 
46.369999 
46.270000 
46.580002 
46.619999 
46.310001 
46.470001 
46.330002 
46.330002 
46.480000 
46.549999 
46.610001 
46.250000 
46.330002 
46.150002 
46.220001 
46.360001 
46.389999 
46.259998 
46.410000 
46.200001 
46.150002 
46.230000 
46.560001 
46.320000 
46.299999 
46.279999 
46.410000 
46.450001 
46.290001 
46.349998 
46.380001 
46.380001 
46.209999 
46.130001 
46.270000 
46.220001 
46.360001 
46.450001 
46.180000 
46.200001 
46.470001 
46.099998 
46.049999 
46.279999 
46.330002 
46.220001 
45.980000 
46.099998 
46.299999 
46.200001 
46.240002 
46.169998 
46.040001 
46.000000 
46.189999 
46.180000 
46.130001 
46.080002 
46.250000 
46.389999 
46.470001 
46.200001 
46.439999 
46.360001 
46.209999 
46.000000 
46.080002 
46.150002 
46.259998 
46.090000 
46.160000 
46.200001 
46.099998 
46.090000 
45.889999 
46.029999 
45.959999 
46.060001 
46.139999 
46.070000 
46.060001 
46.080002 
46.029999 
45.930000 
46.090000 
46.189999 
46.240002 
46.180000 
46.279999 
46.220001 
46.560001 
46.310001 
46.220001 
46.330002 
46.490002 
46.320000 
46.410000 
46.360001 
46.450001 
46.410000 
46.630001 
46.380001 
46.369999 
46.500000 
46.500000 
46.560001 
46.360001 
46.509998 
46.270000 
46.310001 
46.299999 
46.360001 
46.230000 
46.240002 
46.320000 
45.959999 
46.090000 
46.270000 
46.020000 
45.959999 
46.139999 
46.160000 
46.180000 
46.340000 
46.290001 
46.029999 
46.230000 
46.299999 
46.529999 
46.549999 
46.639999 
46.590000 
46.529999 
46.480000 
46.299999 
46.189999 
46.220001 
46.189999 
46.099998 
46.299999 
46.330002 
46.139999 
46.160000 
46.310001 
46.119999 
46.119999 
45.980000 
46.200001 
46.180000 
46.029999 
46.150002 
46.230000 
46.130001 
46.099998 
46.270000 
46.119999 
46.099998 
46.049999 
46.150002 
46.110001 
46.000000 
46.049999 
46.020000 
46.180000 
46.110001 
46.150002 
46.119999 
46.340000 
46.189999 
46.349998 
46.209999 
46.349998 
46.320000 
46.230000 
46.180000 
46.349998 
46.419998 
46.610001 
46.430000 
46.270000 
46.279999 
46.270000 
46.439999 
46.259998 
46.119999 
46.220001 
46.130001 
46.110001 
46.070000 
46.160000 
46.169998 
46.189999 
46.430000 
46.430000 
46.540001 
46.320000 
46.610001 
46.480000 
46.660000 
46.410000 
46.389999 
46.490002 
46.549999 
46.500000 
46.630001 
46.509998 
46.340000 
46.439999 
46.380001 
46.400002 
46.529999 
46.500000 
46.520000 
46.439999 
46.419998 
46.220001 
46.299999 
46.400002 
46.360001 
46.509998 
46.490002 
46.450001 
46.389999 
46.299999 
46.230000 
46.230000 
46.270000 
46.250000 
46.279999 
46.619999 
46.500000 
46.470001 
46.320000 
46.450001 
46.470001 
46.610001 
46.529999 
46.549999 
46.400002 
46.580002 
46.459999 
46.570000 
46.619999 
46.630001 
46.650002 
46.680000 
46.700001 
46.689999 
46.570000 
46.630001 
46.599998 
46.410000 
46.290001 
46.450001 
46.580002 
46.450001 
46.669998 
46.599998 
46.750000 
46.980000 
46.669998 
46.700001 
46.639999 
46.570000 
46.470001 
46.660000 
46.700001 
46.490002 
46.250000 
46.430000 
46.599998 
46.700001 
46.570000 
46.590000 
46.639999 
46.480000 
46.439999 
46.459999 
46.389999 
46.619999 
46.660000 
46.709999 
46.599998 
46.669998 
46.740002 
46.709999 
46.889999 
46.759998 
46.770000 
46.720001 
46.759998 
46.750000 
46.889999 
46.860001 
46.880001 
46.740002 
46.759998 
46.639999 
46.490002 
46.590000 
46.450001 
46.669998 
46.700001 
46.680000 
46.709999 
46.740002 
46.639999 
46.590000 
46.650002 
46.540001 
46.410000 
46.340000 
46.410000 
46.200001 
46.189999 
46.160000 
46.009998 
46.009998 
46.130001 
46.270000 
46.279999 
46.299999 
46.419998 
46.330002 
46.310001 
46.430000 
46.570000 
46.570000 
46.430000 
46.529999 
46.529999 
46.430000 
46.540001 
46.410000 
46.330002 
46.290001 
46.419998 
46.070000 
46.180000 
46.150002 
46.419998 
46.410000 
46.209999 
46.439999 
46.520000 
46.299999 
46.340000 
46.389999 
46.570000 
46.570000 
46.570000 
46.299999 
46.290001 
46.240002 
46.310001 
46.310001 
46.189999 
46.360001 
46.360001 
46.200001 
46.080002 
46.230000 
46.240002 
46.130001 
46.189999 
46.270000 
46.270000 
46.160000 
46.099998 
46.180000 
46.029999 
46.279999 
46.230000 
46.040001 
46.099998 
46.189999 
46.320000 
46.389999 
46.330002 
46.070000 
46.130001 
45.770000 
45.910000 
45.910000 
46.240002 
46.070000 
46.400002 
46.419998 
46.189999 
46.160000 
46.240002 
46.220001 
46.330002 
46.400002 
46.500000 
46.490002 
46.459999 
46.549999 
46.560001 
46.459999 
46.410000 
46.419998 
46.380001 
46.139999 
46.230000 
46.320000 
46.360001 
46.480000 
46.520000 
46.419998 
46.490002 
46.570000 
46.360001 
46.349998 
46.360001 
46.340000 
46.349998 
46.029999 
46.439999 
46.230000 
46.410000 
46.389999 
46.380001 
46.310001 
46.459999 
46.389999 
46.410000 
46.470001 
46.430000 
46.430000 
46.480000 
46.410000 
46.590000 
46.529999 
46.529999 
46.529999 
46.570000 
46.660000 
46.310001 
46.240002 
46.360001 
46.419998 
46.430000 
46.389999 
46.580002 
46.330002 
46.340000 
46.349998 
46.459999 
46.520000 
46.189999 
46.230000 
46.290001 
46.389999 
46.419998 
46.480000 
46.480000 
46.450001 
46.529999 
46.349998 
46.439999 
46.169998 
45.799999 
45.970001 
46.240002 
46.130001 
46.279999 
46.419998 
46.400002 
46.160000 
46.220001 
46.220001 
46.290001 
46.259998 
46.230000 
46.110001 
46.340000 
46.090000 
46.119999 
46.090000 
46.049999 
46.360001 
46.209999 
46.279999 
46.240002 
46.310001 
46.419998 
46.459999 
46.480000 
46.360001 
46.330002 
46.250000 
46.299999 
46.310001 
46.310001 
46.410000 
46.250000 
46.119999 
46.189999 
46.320000 
46.230000 
46.299999 
46.290001 
46.270000 
46.230000 
46.209999 
46.290001 
46.090000 
46.139999 
45.770000 
45.880001 
45.980000 
46.150002 
46.240002 
46.340000 
46.310001 
46.290001 
45.900002 
46.259998 
46.139999 
45.880001 
45.939999 
46.209999 
46.000000 
46.180000 
45.930000 
46.099998 
46.070000 
46.180000 
46.070000 
46.110001 
46.130001 
46.150002 
46.250000 
46.410000 
46.340000 
46.250000 
46.410000 
46.439999 
46.200001 
46.369999 
46.369999 
46.419998 
46.630001 
46.360001 
46.459999 
46.180000 
46.410000 
46.419998 
46.459999 
46.439999 
46.480000 
46.630001 
46.450001 
46.439999 
46.299999 
46.189999 
46.220001 
46.299999 
46.520000 
46.410000 
46.259998 
46.310001 
46.200001 
46.099998 
46.060001 
46.240002 
46.279999 
46.119999 
45.959999 
46.209999 
46.200001 
46.560001 
46.540001 
46.630001 
46.570000 
46.650002 
46.439999 
46.340000 
46.320000 
46.380001 
46.430000 
46.330002 
46.270000 
46.250000 
46.279999 
46.320000 
46.369999 
46.360001 
46.400002 
46.419998 
46.369999 
46.400002 
46.459999 
46.330002 
46.369999 
46.169998 
46.220001 
46.180000 
46.299999 
46.320000 
46.340000 
46.439999 
46.480000 
46.529999 
46.549999 
46.580002 
46.509998 
46.520000 
46.470001 
46.400002 
46.380001 
46.369999 
46.400002 
46.389999 
46.259998 
46.320000 
46.320000 
46.090000 
46.150002 
46.110001 
46.299999 
46.340000 
46.240002 
46.180000 
46.200001 
46.240002 
46.220001 
46.119999 
46.200001 
46.310001 
46.369999 
46.169998 
46.099998 
46.150002 
46.230000 
46.209999 
46.209999 
46.150002 
46.169998 
46.099998 
46.110001 
46.169998 
46.340000 
46.240002 
46.139999 
46.250000 
46.230000 
46.279999 
46.330002 
46.360001 
46.279999 
46.259998 
46.369999 
46.299999 
46.389999 
46.360001 
46.450001 
46.430000 
46.439999 
46.389999 
46.410000 
46.400002 
46.430000 
46.430000 
46.439999 
46.470001 
46.439999 
46.490002 
46.480000 
46.500000 
46.529999 
46.480000 
46.419998 
46.419998 
46.470001 
46.480000 
46.459999 
46.459999 
46.570000 
46.599998 
46.450001 
46.480000 
46.540001 
46.529999 
46.509998 
46.520000 
46.520000 
46.520000 
46.529999 
46.570000 
46.590000 
46.590000 
46.560001 
46.540001 
46.549999 
46.570000 
46.590000 
46.590000 
46.570000 
46.630001 
46.570000 
46.549999 
46.549999 
46.529999 
46.570000 
46.540001 
46.580002 
46.529999 
46.470001 
46.580002 
46.290001 
46.169998 
46.180000 
46.180000 
46.200001 
46.119999 
46.189999 
46.189999 
46.209999 
46.220001 
46.230000 
46.330002 
46.369999 
46.290001 
46.119999 
46.169998 
45.959999 
45.939999 
45.919998 
45.980000 
46.110001 
46.160000 
46.070000 
46.060001 
46.169998 
46.130001 
46.110001 
46.139999 
46.139999 
46.080002 
46.150002 
46.240002 
46.209999 
46.220001 
46.240002 
46.209999 
46.209999 
46.240002 
46.130001 
46.220001 
46.209999 
46.220001 
46.220001 
46.320000 
46.200001 
46.160000 
46.130001 
46.240002 
46.290001 
46.330002 
46.270000 
46.180000 
46.000000 
46.250000 
46.130001 
46.049999 
46.139999 
46.279999 
46.119999 
46.310001 
46.080002 
46.160000 
46.130001 
46.310001 
46.169998 
46.049999 
46.080002 
46.110001 
46.099998 
46.080002 
46.080002 
46.060001 
46.020000 
45.910000 
45.930000 
45.869999 
45.970001 
45.990002 
45.990002 
46.000000 
46.000000 
45.919998 
45.830002 
45.889999 
45.869999 
45.880001 
45.790001 
45.810001 
45.810001 
45.889999 
45.880001 
45.880001 
45.900002 
46.060001 
46.009998 
45.990002 
45.970001 
46.080002 
46.090000 
46.049999 
46.049999 
46.070000 
46.040001 
46.070000 
46.029999 
46.029999 
46.020000 
46.060001 
46.049999 
46.060001 
46.090000 
46.040001 
46.099998 
46.049999 
46.200001 
46.070000 
45.900002 
45.889999 
46.450001 
46.380001 
46.209999 
46.369999 
46.200001 
46.320000 
46.189999 
46.299999 
46.389999 
46.360001 
46.230000 
46.180000 
46.139999 
46.110001 
46.070000 
46.200001 
