2.299085 
2.288880 
2.219822 
2.040153 
1.934551 
1.856278 
1.787282 
1.727697 
1.676959 
1.645511 
1.624763 
1.615558 
1.603389 
1.615631 
1.630033 
1.659112 
1.716951 
1.782152 
1.842593 
1.925225 
1.965822 
2.027512 
2.082185 
2.122195 
2.144127 
2.172043 
2.186262 
2.214648 
2.229522 
2.255063 
2.275148 
2.290637 
2.297097 
2.320497 
2.336740 
2.326254 
2.358349 
2.365663 
2.382474 
2.404859 
2.425511 
2.401522 
2.426979 
2.434607 
2.449810 
2.453555 
2.473583 
2.476201 
2.487714 
2.500030 
2.495685 
2.520367 
2.535453 
2.531152 
2.554504 
2.566271 
2.578714 
2.600460 
2.617876 
2.581448 
2.595420 
2.636666 
2.644968 
2.654451 
2.667414 
2.678828 
2.698585 
2.681398 
2.707782 
2.692092 
2.716012 
2.748191 
2.767875 
2.786932 
2.804709 
2.818397 
2.852456 
2.835095 
2.818519 
2.837247 
2.820667 
2.830488 
2.860149 
2.866828 
2.902465 
2.924331 
2.956815 
2.969438 
2.989421 
2.946115 
2.967665 
3.021374 
3.053746 
3.062698 
3.089156 
3.096281 
3.111050 
3.112371 
3.151836 
3.172075 
3.163132 
3.178566 
3.198280 
3.139308 
3.195912 
3.221908 
3.265539 
3.259081 
3.284329 
3.357253 
3.318945 
3.304382 
3.175524 
3.224121 
3.237169 
3.248581 
3.202750 
3.263103 
3.288503 
3.302526 
3.317551 
3.347463 
3.134723 
3.304521 
3.338764 
3.384751 
3.490645 
3.410381 
3.438296 
3.456513 
3.465633 
3.519629 
3.513687 
3.562064 
3.568616 
3.579870 
3.620146 
3.660903 
3.619471 
3.624628 
3.681308 
3.677409 
3.676898 
3.747218 
3.775819 
3.741284 
3.722010 
3.735729 
3.801476 
3.819558 
3.832820 
3.880466 
3.877319 
3.880210 
3.910689 
3.917437 
3.939056 
3.969806 
3.972671 
4.019697 
4.012738 
4.025928 
4.039182 
4.049367 
4.077377 
4.095943 
3.941860 
4.051756 
4.093436 
4.040102 
4.017944 
4.101557 
4.163143 
4.147540 
4.167457 
4.186772 
4.158775 
4.032681 
4.046193 
4.144082 
4.212691 
4.266620 
4.137563 
4.125890 
4.120641 
4.128918 
4.150608 
4.010401 
4.117226 
4.211337 
4.228348 
4.177380 
4.224121 
4.199138 
4.236055 
4.254570 
4.264707 
4.296075 
4.356110 
4.407206 
4.430845 
4.268004 
4.296568 
4.286944 
4.296553 
4.294867 
4.256437 
4.321343 
4.266870 
4.314708 
4.290986 
4.329641 
4.324697 
4.352459 
4.386528 
4.436658 
4.486161 
4.530696 
4.550204 
4.417298 
4.485982 
4.568255 
4.599396 
4.618476 
4.576839 
4.624333 
4.706545 
4.713396 
4.707588 
4.600342 
4.617444 
4.685539 
4.763763 
4.817172 
4.866345 
4.829700 
4.907119 
4.936193 
4.913169 
4.782400 
4.686029 
4.709680 
4.598125 
4.540497 
4.601191 
4.679682 
4.587415 
4.569296 
4.516182 
4.445975 
4.535026 
4.534390 
4.547410 
4.509437 
4.603138 
4.574303 
4.521464 
4.557582 
4.568823 
4.598545 
4.610231 
4.644630 
4.669424 
4.624209 
4.620735 
4.625251 
4.493163 
4.501085 
4.611698 
4.668529 
4.706911 
4.760118 
4.745817 
4.770010 
4.773722 
4.803682 
4.891125 
4.815910 
4.765191 
4.770609 
4.774219 
4.729553 
4.802968 
4.841054 
4.822031 
4.854047 
4.911516 
4.906405 
4.962602 
4.975224 
5.007134 
4.991532 
5.060584 
5.081037 
5.153217 
5.009220 
5.029897 
5.068189 
5.143676 
5.211792 
5.263820 
5.279658 
5.236962 
5.303780 
5.197205 
5.120849 
5.065001 
5.005404 
4.961503 
4.969394 
4.867138 
4.883456 
4.763452 
4.704638 
4.750003 
4.831838 
4.783102 
4.815055 
4.780680 
4.801682 
4.842739 
4.912986 
4.923204 
4.969163 
5.007004 
5.066009 
5.110133 
5.096544 
5.159507 
5.040073 
5.067493 
5.119835 
5.063639 
5.157450 
5.226235 
5.283376 
5.321353 
5.209983 
5.136690 
5.114338 
5.243609 
5.326637 
5.363378 
5.425980 
5.475790 
5.470897 
4.991316 
4.946554 
5.057304 
5.116965 
5.186741 
5.185738 
5.083908 
5.073022 
5.187990 
5.273013 
5.352999 
5.419489 
5.479109 
5.477377 
5.346177 
5.299144 
5.215740 
5.180393 
5.246293 
5.344524 
5.416240 
5.462490 
5.515447 
5.481303 
5.461538 
5.531675 
5.413945 
5.364184 
5.298218 
5.299864 
5.353153 
5.327663 
5.428571 
5.513505 
5.568002 
5.503921 
5.483856 
5.363941 
5.214961 
5.202619 
5.111688 
5.055375 
5.153245 
5.228884 
5.312290 
5.379883 
5.302896 
5.224718 
5.226198 
5.195931 
5.277077 
5.395116 
5.489093 
5.555245 
5.613336 
5.662005 
5.650067 
5.609275 
5.383700 
5.302586 
5.124873 
5.033209 
5.013243 
5.074583 
5.093925 
5.152533 
5.070908 
5.200560 
5.211993 
5.173738 
5.183638 
5.211820 
5.201508 
5.234917 
5.358532 
5.413331 
5.309045 
5.191924 
5.210800 
5.236491 
5.247363 
5.191419 
5.244144 
5.266129 
5.256712 
5.027423 
4.925705 
4.881738 
4.821621 
4.978272 
5.020343 
5.096765 
5.124000 
5.185279 
5.172407 
5.212893 
5.247137 
5.286962 
5.312989 
5.295280 
5.265797 
5.332061 
5.363177 
5.395982 
5.429221 
5.353809 
5.143618 
5.118459 
5.153269 
5.098737 
5.309469 
5.346295 
5.377581 
5.432537 
5.458336 
5.407644 
5.391031 
5.393706 
5.434670 
5.486282 
5.536559 
5.582711 
5.591125 
5.564455 
5.637709 
5.693876 
5.738314 
5.784587 
5.758177 
5.778003 
5.824234 
5.857824 
5.831367 
5.877372 
5.727105 
5.703453 
5.651214 
5.641194 
5.602259 
5.612272 
5.620312 
5.643078 
5.660420 
5.635759 
5.623723 
5.697076 
5.697312 
5.702362 
5.698710 
5.724178 
5.730461 
5.804141 
5.787855 
5.804453 
5.830263 
5.847453 
5.935547 
5.878301 
5.855362 
5.838063 
5.783750 
5.815910 
5.860554 
5.888811 
5.926325 
5.884921 
5.921871 
5.849466 
5.848093 
5.789587 
5.723958 
5.734780 
5.768625 
5.747126 
5.671712 
5.815647 
5.770424 
5.676725 
5.701591 
5.641517 
5.668345 
5.698961 
5.639588 
5.670917 
5.723201 
5.674465 
5.709329 
5.659061 
5.240015 
4.897775 
4.741042 
4.775821 
4.794052 
5.055653 
5.197217 
5.253615 
5.247621 
5.381523 
5.466380 
5.529357 
5.608225 
5.662892 
5.720298 
5.705649 
5.770174 
5.818996 
5.810899 
5.702530 
5.752195 
5.587277 
5.628755 
5.662357 
5.685461 
5.630207 
5.680491 
5.688167 
5.735794 
5.808466 
5.826522 
5.847774 
5.821710 
5.724652 
5.744926 
5.757807 
5.753288 
5.761714 
5.665474 
5.735865 
5.748722 
5.816319 
5.867834 
5.898203 
5.934718 
5.931149 
6.001931 
6.061151 
6.060243 
6.075689 
6.126051 
6.054716 
6.101297 
6.128496 
6.171938 
6.209073 
6.238194 
6.265285 
6.271837 
6.123158 
5.679530 
5.759267 
5.908033 
5.904717 
5.915602 
6.000379 
6.033887 
6.026535 
6.077875 
6.142847 
6.081951 
6.112969 
6.036953 
6.112063 
6.173521 
6.223785 
6.261453 
6.255443 
6.255051 
6.222487 
6.251680 
6.297068 
6.068275 
5.789227 
5.440393 
5.157488 
5.039043 
5.198058 
5.382127 
5.477030 
5.520019 
5.566538 
5.603159 
5.648468 
5.689009 
5.732304 
5.752853 
5.799956 
5.771377 
5.781554 
5.801003 
5.824830 
5.826322 
5.808956 
5.885416 
5.959945 
6.006969 
6.047813 
6.085318 
6.116099 
6.125555 
6.140114 
6.146485 
6.183969 
6.216442 
6.198837 
6.016545 
5.947648 
5.871094 
5.835568 
5.846024 
5.602611 
5.725246 
5.694097 
5.775255 
5.880729 
5.787872 
5.850069 
5.404604 
5.160897 
5.219857 
5.311302 
5.418501 
5.494070 
5.603300 
5.714193 
5.683464 
5.532642 
4.896559 
4.964762 
4.691695 
4.661212 
4.763262 
4.882769 
4.919255 
5.064845 
5.000879 
4.831385 
4.944418 
5.001677 
5.078778 
5.091251 
5.170033 
5.200748 
5.353684 
5.387337 
5.440912 
5.500132 
5.480951 
5.482546 
5.497531 
5.576711 
5.634618 
5.664186 
5.687341 
5.635592 
5.519026 
5.465484 
5.561342 
5.625194 
5.655465 
5.717884 
5.720401 
5.746126 
5.799694 
5.749882 
5.769818 
5.803307 
5.750931 
5.767225 
5.825852 
5.892104 
5.868518 
5.910573 
5.789232 
5.741313 
5.846912 
5.937673 
5.985540 
5.838078 
4.727401 
4.457622 
4.281422 
4.891866 
5.176877 
5.310731 
5.298689 
5.372407 
5.428908 
5.472986 
5.533414 
5.621019 
5.627665 
5.649106 
5.684458 
5.718023 
5.745567 
5.756715 
5.787821 
5.840082 
5.867304 
5.934336 
5.980818 
5.936377 
5.894769 
5.858917 
5.868193 
5.882760 
5.904304 
6.000532 
6.049712 
6.107820 
6.144436 
6.182593 
6.204137 
6.235179 
6.266839 
6.296247 
6.320333 
6.339324 
6.356395 
6.377103 
6.398246 
6.417589 
6.244472 
6.200395 
6.283049 
6.336488 
6.269980 
6.223324 
6.212114 
6.171620 
6.169211 
6.157923 
6.181160 
6.184686 
6.213070 
6.229148 
6.225035 
6.317955 
6.380703 
6.425055 
6.459835 
6.386071 
6.360676 
6.339739 
6.295473 
6.289677 
6.287875 
6.310180 
6.340714 
6.368117 
6.415827 
6.362594 
6.435492 
6.486968 
6.526576 
6.491929 
6.512045 
6.554750 
6.589459 
6.616912 
6.572911 
6.396016 
6.390057 
6.459337 
6.510082 
6.548058 
6.566754 
6.599618 
6.622745 
6.649300 
6.667924 
6.689967 
6.709585 
6.729606 
6.744909 
6.762457 
6.766666 
6.778662 
6.768328 
6.789066 
6.806453 
6.822108 
6.839545 
6.852873 
6.861158 
6.873422 
6.882461 
6.893860 
6.783524 
6.721126 
6.670685 
6.689424 
6.720594 
6.759760 
6.792384 
6.819860 
6.840644 
6.862192 
6.870975 
6.888255 
6.903984 
6.917476 
6.932337 
6.945624 
6.955974 
6.963692 
6.975084 
6.987518 
7.000608 
7.010883 
7.020795 
7.030286 
7.039757 
7.045636 
7.052856 
7.060930 
7.056598 
7.055192 
7.049952 
6.891754 
6.807664 
6.782054 
6.745839 
6.741308 
6.824868 
6.884261 
6.701899 
6.635518 
6.663386 
6.712731 
6.748908 
6.801492 
6.741795 
6.731696 
6.704808 
6.733227 
6.652298 
6.663400 
6.692280 
6.740831 
6.772655 
6.793612 
6.820897 
6.837912 
6.856744 
6.875092 
6.895650 
6.912178 
6.957575 
6.984545 
7.011512 
7.035016 
7.048521 
7.058526 
7.080159 
7.095588 
7.112860 
7.126816 
7.125392 
7.142127 
7.156165 
7.164178 
7.175398 
6.924946 
6.817858 
6.768560 
6.818115 
6.886901 
6.936468 
6.955876 
6.795986 
6.480482 
6.207089 
5.819659 
5.695166 
5.781345 
5.813371 
5.976757 
6.021973 
6.015132 
6.097892 
6.197146 
6.261299 
6.282806 
6.318026 
6.377072 
6.434988 
6.442480 
6.482850 
6.509616 
6.452660 
6.441470 
6.436550 
6.436035 
6.489236 
6.516461 
6.517161 
6.587455 
6.593855 
6.569632 
6.613002 
6.509128 
6.457088 
6.513240 
6.567223 
6.571923 
6.652150 
6.707470 
6.749836 
6.786537 
6.754995 
6.765623 
6.813430 
6.769841 
6.815062 
6.851148 
6.676467 
6.730934 
6.776420 
6.815365 
6.846696 
6.874169 
6.898378 
6.921073 
6.936040 
6.950415 
6.969045 
6.986314 
6.996168 
7.010387 
7.012344 
6.974039 
6.878434 
6.904276 
6.942069 
5.641797 
4.990441 
4.599774 
5.231775 
5.515237 
5.484046 
5.624985 
5.770779 
5.841846 
5.876573 
5.971991 
5.932064 
5.997126 
6.046456 
6.075771 
6.118362 
6.167318 
5.975533 
6.064112 
