0.000000 
0.000000 
0.000000 
0.000000 
0.000000 
0.000000 
0.000000 
0.000000 
0.000000 
80.000000 
80.000000 
80.000000 
80.000000 
80.000000 
80.000000 
80.000000 
80.000000 
80.000000 
80.000000 
80.000000 
158.000000 
158.000000 
158.000000 
218.000000 
218.000000 
218.000000 
218.000000 
278.000000 
278.000000 
278.000000 
278.000000 
278.000000 
278.000000 
278.000000 
278.000000 
278.000000 
278.000000 
278.000000 
278.000000 
278.000000 
358.000000 
358.000000 
436.000000 
436.000000 
436.000000 
436.000000 
436.000000 
436.000000 
436.000000 
436.000000 
436.000000 
436.000000 
436.000000 
436.000000 
436.000000 
436.000000 
436.000000 
436.000000 
496.000000 
496.000000 
496.000000 
496.000000 
496.000000 
496.000000 
496.000000 
496.000000 
496.000000 
496.000000 
496.000000 
496.000000 
496.000000 
496.000000 
496.000000 
496.000000 
496.000000 
496.000000 
568.000000 
568.000000 
646.000000 
646.000000 
646.000000 
646.000000 
646.000000 
646.000000 
646.000000 
646.000000 
646.000000 
646.000000 
718.000000 
718.000000 
718.000000 
718.000000 
718.000000 
718.000000 
718.000000 
718.000000 
718.000000 
718.000000 
718.000000 
796.000000 
796.000000 
796.000000 
856.000000 
856.000000 
856.000000 
856.000000 
856.000000 
856.000000 
856.000000 
936.000000 
936.000000 
1076.000000 
1076.000000 
1076.000000 
1076.000000 
1136.000000 
1136.000000 
1136.000000 
1136.000000 
1136.000000 
1136.000000 
1136.000000 
1208.000000 
1286.000000 
1286.000000 
1286.000000 
1427.000000 
1427.000000 
1427.000000 
1427.000000 
1427.000000 
1427.000000 
1427.000000 
1427.000000 
1427.000000 
1427.000000 
1427.000000 
1427.000000 
1427.000000 
1427.000000 
1427.000000 
1427.000000 
1427.000000 
1427.000000 
1427.000000 
1427.000000 
1427.000000 
1427.000000 
1427.000000 
1427.000000 
1427.000000 
1427.000000 
1427.000000 
1505.000000 
1505.000000 
1505.000000 
1505.000000 
1505.000000 
1505.000000 
1505.000000 
1505.000000 
1505.000000 
1505.000000 
1505.000000 
1505.000000 
1505.000000 
1505.000000 
1583.000000 
1583.000000 
1583.000000 
1583.000000 
1583.000000 
1583.000000 
1583.000000 
1583.000000 
1643.000000 
1643.000000 
1643.000000 
1643.000000 
1643.000000 
1643.000000 
1643.000000 
1643.000000 
1643.000000 
1643.000000 
1643.000000 
1713.000000 
1713.000000 
1713.000000 
1790.000000 
1790.000000 
1790.000000 
1790.000000 
1790.000000 
1790.000000 
1790.000000 
1790.000000 
1790.000000 
1790.000000 
1790.000000 
1790.000000 
1790.000000 
1790.000000 
1790.000000 
1790.000000 
1790.000000 
1790.000000 
1790.000000 
1790.000000 
1864.000000 
1864.000000 
1864.000000 
1864.000000 
1864.000000 
1864.000000 
1864.000000 
1864.000000 
1864.000000 
1936.000000 
1936.000000 
1936.000000 
1936.000000 
1936.000000 
1936.000000 
1936.000000 
1936.000000 
1936.000000 
1936.000000 
1996.000000 
1996.000000 
1996.000000 
1996.000000 
1996.000000 
1996.000000 
1996.000000 
1996.000000 
1996.000000 
1996.000000 
1996.000000 
1996.000000 
1996.000000 
1996.000000 
1996.000000 
1996.000000 
1996.000000 
2072.000000 
2072.000000 
2072.000000 
2072.000000 
2072.000000 
2072.000000 
2072.000000 
2222.000000 
2222.000000 
2222.000000 
2222.000000 
2302.000000 
2302.000000 
2380.000000 
2380.000000 
2380.000000 
2380.000000 
2380.000000 
2380.000000 
2380.000000 
2446.000000 
2446.000000 
2446.000000 
2446.000000 
2446.000000 
2446.000000 
2518.000000 
2518.000000 
2518.000000 
2518.000000 
2518.000000 
2518.000000 
2518.000000 
2518.000000 
2518.000000 
2518.000000 
2518.000000 
2518.000000 
2518.000000 
2518.000000 
2518.000000 
2518.000000 
2518.000000 
2518.000000 
2518.000000 
2518.000000 
2518.000000 
2598.000000 
2598.000000 
2676.000000 
2676.000000 
2676.000000 
2676.000000 
2676.000000 
2676.000000 
2676.000000 
2676.000000 
2676.000000 
2736.000000 
2736.000000 
2736.000000 
2736.000000 
2736.000000 
2812.000000 
2812.000000 
2812.000000 
2892.000000 
2892.000000 
2892.000000 
2892.000000 
2970.000000 
2970.000000 
2970.000000 
2970.000000 
2970.000000 
2970.000000 
2970.000000 
2970.000000 
2970.000000 
2970.000000 
2970.000000 
2970.000000 
2970.000000 
3044.000000 
3044.000000 
3044.000000 
3044.000000 
3044.000000 
3044.000000 
3044.000000 
3044.000000 
3044.000000 
3044.000000 
3044.000000 
3044.000000 
3044.000000 
3044.000000 
3044.000000 
3044.000000 
3044.000000 
3244.000000 
3244.000000 
3244.000000 
3244.000000 
3244.000000 
3244.000000 
3244.000000 
3244.000000 
3244.000000 
3244.000000 
3244.000000 
3244.000000 
3244.000000 
3244.000000 
3244.000000 
3244.000000 
3244.000000 
3244.000000 
3244.000000 
3244.000000 
3244.000000 
3244.000000 
3244.000000 
3322.000000 
3322.000000 
3394.000000 
3470.000000 
3470.000000 
3470.000000 
3470.000000 
3470.000000 
3470.000000 
3470.000000 
3470.000000 
3470.000000 
3547.000000 
3547.000000 
3547.000000 
3607.000000 
3607.000000 
3607.000000 
3607.000000 
3607.000000 
3607.000000 
3607.000000 
3607.000000 
3607.000000 
3607.000000 
3607.000000 
3607.000000 
3607.000000 
3607.000000 
3607.000000 
3607.000000 
3607.000000 
3607.000000 
3607.000000 
3667.000000 
3667.000000 
3667.000000 
3667.000000 
3667.000000 
3667.000000 
3667.000000 
3667.000000 
3667.000000 
3744.000000 
3744.000000 
3744.000000 
3744.000000 
3816.000000 
3816.000000 
3816.000000 
3816.000000 
3816.000000 
3816.000000 
3889.000000 
3889.000000 
3889.000000 
3889.000000 
3889.000000 
3889.000000 
3889.000000 
3889.000000 
3889.000000 
4037.000000 
4037.000000 
4109.000000 
4109.000000 
4109.000000 
4189.000000 
4189.000000 
4189.000000 
4265.000000 
4337.000000 
4337.000000 
4337.000000 
4337.000000 
4337.000000 
4337.000000 
4337.000000 
4337.000000 
4337.000000 
4337.000000 
4409.000000 
4409.000000 
4409.000000 
4409.000000 
4409.000000 
4409.000000 
4409.000000 
4470.000000 
4470.000000 
4470.000000 
4470.000000 
4470.000000 
4470.000000 
4470.000000 
4470.000000 
4548.000000 
4548.000000 
4548.000000 
4548.000000 
4548.000000 
4548.000000 
4628.000000 
4628.000000 
4628.000000 
4628.000000 
4628.000000 
4628.000000 
4628.000000 
4628.000000 
4628.000000 
4628.000000 
4704.000000 
4704.000000 
4704.000000 
4704.000000 
4781.000000 
4781.000000 
4781.000000 
4781.000000 
4781.000000 
4781.000000 
4781.000000 
4857.000000 
4857.000000 
4857.000000 
4857.000000 
4857.000000 
4857.000000 
4935.000000 
4935.000000 
4935.000000 
5001.000000 
5001.000000 
5122.000000 
5122.000000 
5194.000000 
5194.000000 
5194.000000 
5194.000000 
5194.000000 
5194.000000 
5272.000000 
5272.000000 
5272.000000 
5272.000000 
5272.000000 
5272.000000 
5272.000000 
5272.000000 
5272.000000 
5272.000000 
5272.000000 
5345.000000 
5345.000000 
5345.000000 
5345.000000 
5345.000000 
5345.000000 
5345.000000 
5345.000000 
5484.000000 
5544.000000 
5544.000000 
5616.000000 
5676.000000 
5676.000000 
5676.000000 
5753.000000 
5753.000000 
5753.000000 
5753.000000 
5753.000000 
5826.000000 
5826.000000 
5826.000000 
5826.000000 
5826.000000 
5826.000000 
5826.000000 
5826.000000 
5826.000000 
5826.000000 
5826.000000 
5826.000000 
5826.000000 
5898.000000 
5898.000000 
5898.000000 
5898.000000 
5971.000000 
5971.000000 
5971.000000 
5971.000000 
5971.000000 
6031.000000 
6031.000000 
6031.000000 
6031.000000 
6031.000000 
6031.000000 
6031.000000 
6031.000000 
6103.000000 
6103.000000 
6103.000000 
6103.000000 
6103.000000 
6103.000000 
6103.000000 
6180.000000 
6180.000000 
6180.000000 
6180.000000 
6180.000000 
6180.000000 
6180.000000 
6180.000000 
6180.000000 
6180.000000 
6180.000000 
6180.000000 
6180.000000 
6180.000000 
6180.000000 
6240.000000 
6240.000000 
6240.000000 
6240.000000 
6240.000000 
6240.000000 
6240.000000 
6240.000000 
6240.000000 
6240.000000 
6240.000000 
6240.000000 
6240.000000 
6240.000000 
6240.000000 
6240.000000 
6240.000000 
6240.000000 
6240.000000 
6240.000000 
6240.000000 
6240.000000 
6240.000000 
6240.000000 
6240.000000 
6240.000000 
6240.000000 
6240.000000 
6240.000000 
6320.000000 
6392.000000 
6392.000000 
6392.000000 
6392.000000 
6392.000000 
6392.000000 
6392.000000 
6392.000000 
6392.000000 
6464.000000 
6536.000000 
6536.000000 
6536.000000 
6536.000000 
6614.000000 
6614.000000 
6614.000000 
6614.000000 
6614.000000 
6614.000000 
6614.000000 
6614.000000 
6614.000000 
6614.000000 
6614.000000 
6674.000000 
6734.000000 
6734.000000 
6734.000000 
6810.000000 
6810.000000 
6810.000000 
6810.000000 
6810.000000 
6810.000000 
6887.000000 
6887.000000 
6887.000000 
7041.000000 
7041.000000 
7041.000000 
7041.000000 
7113.000000 
7113.000000 
7113.000000 
7113.000000 
7183.000000 
7183.000000 
7183.000000 
7183.000000 
7183.000000 
7183.000000 
7183.000000 
7183.000000 
7183.000000 
7183.000000 
7253.000000 
7253.000000 
7253.000000 
7253.000000 
7253.000000 
7253.000000 
7253.000000 
7253.000000 
7253.000000 
7253.000000 
7253.000000 
7253.000000 
7253.000000 
7253.000000 
7253.000000 
7253.000000 
7253.000000 
7319.000000 
7319.000000 
7399.000000 
7399.000000 
7399.000000 
7399.000000 
7399.000000 
7399.000000 
7399.000000 
7471.000000 
7471.000000 
7531.000000 
7531.000000 
7531.000000 
7531.000000 
7608.000000 
7608.000000 
7608.000000 
7608.000000 
7686.000000 
7686.000000 
7760.000000 
7760.000000 
7760.000000 
7760.000000 
7760.000000 
7833.000000 
7903.000000 
7903.000000 
7903.000000 
7974.000000 
7974.000000 
7974.000000 
7974.000000 
7974.000000 
7974.000000 
7974.000000 
7974.000000 
7974.000000 
7974.000000 
7974.000000 
7974.000000 
7974.000000 
7974.000000 
7974.000000 
7974.000000 
7974.000000 
7974.000000 
7974.000000 
7974.000000 
8051.000000 
8051.000000 
8051.000000 
8111.000000 
8111.000000 
8111.000000 
8111.000000 
8111.000000 
8111.000000 
8111.000000 
8111.000000 
8111.000000 
8111.000000 
8111.000000 
8111.000000 
8111.000000 
8189.000000 
8189.000000 
8189.000000 
8189.000000 
8189.000000 
8189.000000 
8189.000000 
8189.000000 
8189.000000 
8249.000000 
8321.000000 
8321.000000 
8321.000000 
8321.000000 
8321.000000 
8321.000000 
8321.000000 
8321.000000 
8321.000000 
8399.000000 
8399.000000 
8399.000000 
8399.000000 
8399.000000 
8477.000000 
8477.000000 
8477.000000 
8477.000000 
8477.000000 
8477.000000 
8557.000000 
8557.000000 
8557.000000 
8557.000000 
8557.000000 
8557.000000 
8557.000000 
8557.000000 
8635.000000 
8635.000000 
8635.000000 
8635.000000 
8635.000000 
8695.000000 
8767.000000 
8840.000000 
8840.000000 
8840.000000 
8840.000000 
8840.000000 
8840.000000 
8840.000000 
8840.000000 
8840.000000 
8840.000000 
8840.000000 
8840.000000 
8840.000000 
8840.000000 
8840.000000 
8840.000000 
8840.000000 
8912.000000 
8912.000000 
8912.000000 
8912.000000 
8912.000000 
8912.000000 
8912.000000 
8912.000000 
8912.000000 
8978.000000 
8978.000000 
8978.000000 
8978.000000 
8978.000000 
8978.000000 
8978.000000 
8978.000000 
8978.000000 
8978.000000 
9055.000000 
9055.000000 
9055.000000 
9055.000000 
9055.000000 
9055.000000 
9055.000000 
9055.000000 
9055.000000 
9055.000000 
9055.000000 
9055.000000 
9055.000000 
9055.000000 
9055.000000 
9055.000000 
9055.000000 
9055.000000 
9127.000000 
9127.000000 
9187.000000 
9187.000000 
9187.000000 
9187.000000 
9187.000000 
9187.000000 
9187.000000 
9187.000000 
9187.000000 
9187.000000 
9259.000000 
9259.000000 
9259.000000 
9259.000000 
9259.000000 
9259.000000 
9259.000000 
9259.000000 
9319.000000 
9319.000000 
9319.000000 
9319.000000 
9319.000000 
9319.000000 
9319.000000 
9391.000000 
9391.000000 
9391.000000 
9391.000000 
9391.000000 
9391.000000 
9391.000000 
9391.000000 
9391.000000 
9391.000000 
9391.000000 
9391.000000 
9391.000000 
9391.000000 
9391.000000 
9464.000000 
9464.000000 
9464.000000 
9464.000000 
9464.000000 
9542.000000 
9542.000000 
9542.000000 
9542.000000 
9542.000000 
9542.000000 
9619.000000 
9689.000000 
9689.000000 
9689.000000 
9689.000000 
9689.000000 
9689.000000 
9689.000000 
9689.000000 
9689.000000 
9689.000000 
9689.000000 
9689.000000 
9766.000000 
9844.000000 
9844.000000 
9844.000000 
9844.000000 
9844.000000 
9844.000000 
9921.000000 
9921.000000 
9921.000000 
9921.000000 
9921.000000 
9998.000000 
9998.000000 
9998.000000 
9998.000000 
9998.000000 
9998.000000 
9998.000000 
9998.000000 
9998.000000 
9998.000000 
10075.000000 
10075.000000 
10155.000000 
10155.000000 
10155.000000 
10155.000000 
10155.000000 
10155.000000 
10155.000000 
10155.000000 
10155.000000 
10155.000000 
10155.000000 
10155.000000 
10155.000000 
10155.000000 
10221.000000 
10221.000000 
10221.000000 
10221.000000 
10221.000000 
10221.000000 
10221.000000 
10221.000000 
10221.000000 
10293.000000 
10373.000000 
10373.000000 
10373.000000 
10373.000000 
10373.000000 
10443.000000 
10443.000000 
10600.000000 
10600.000000 
10660.000000 
10732.000000 
10732.000000 
10732.000000 
10732.000000 
10732.000000 
10732.000000 
10732.000000 
10732.000000 
10732.000000 
10885.000000 
10957.000000 
10957.000000 
11027.000000 
11027.000000 
11107.000000 
